,fold,feature_name,feature,loss,acc,idx,class
0,train,energy,40.557373046875,0.10535311698913574,0.8946468830108643,332.0,
1,train,energy,46.24224090576172,0.9999995231628418,4.76837158203125e-07,316.0,
2,train,energy,44.353450775146484,0.14273357391357422,0.8572664260864258,513.0,
3,train,energy,45.83849334716797,0.10730165243148804,0.892698347568512,596.0,
4,train,energy,32.41141128540039,0.13236582279205322,0.8676341772079468,172.0,
5,train,energy,36.95094299316406,0.04882687330245972,0.9511731266975403,168.0,
6,train,energy,40.34954833984375,0.14574384689331055,0.8542561531066895,742.0,
7,train,energy,44.76808166503906,0.0724228024482727,0.9275771975517273,279.0,
8,train,energy,41.67108154296875,0.40245378017425537,0.5975462198257446,245.0,
9,train,energy,44.16246032714844,0.1023150086402893,0.8976849913597107,597.0,
10,train,energy,41.95322036743164,0.18654948472976685,0.8134505152702332,488.0,
11,train,energy,40.16680908203125,0.22207534313201904,0.777924656867981,241.0,
12,train,energy,48.09465026855469,0.2841625213623047,0.7158374786376953,251.0,
13,train,energy,48.04609298706055,0.10404813289642334,0.8959518671035767,454.0,
14,train,energy,37.73463439941406,0.05668377876281738,0.9433162212371826,497.0,
15,train,energy,39.87437057495117,0.7500469088554382,0.24995309114456177,738.0,
16,train,energy,35.90703582763672,0.08690494298934937,0.9130950570106506,680.0,
17,train,energy,40.693359375,0.32365310192108154,0.6763468980789185,111.0,
18,train,energy,33.25090026855469,0.08025407791137695,0.919745922088623,557.0,
19,train,energy,33.45874786376953,0.14720147848129272,0.8527985215187073,667.0,
20,train,energy,35.824729919433594,0.11703795194625854,0.8829620480537415,336.0,
21,train,energy,40.95561981201172,0.07514876127243042,0.9248512387275696,543.0,
22,train,energy,35.33180236816406,0.5607216954231262,0.4392783045768738,296.0,
23,train,energy,40.73524475097656,0.05809330940246582,0.9419066905975342,134.0,
24,train,energy,39.186302185058594,0.15849560499191284,0.8415043950080872,25.0,
25,train,energy,39.866859436035156,0.20748615264892578,0.7925138473510742,161.0,
26,train,energy,38.97793197631836,0.12193542718887329,0.8780645728111267,297.0,
27,train,energy,34.366729736328125,0.22000324726104736,0.7799967527389526,122.0,
28,train,energy,45.685394287109375,0.13705116510391235,0.8629488348960876,283.0,
29,train,energy,32.834571838378906,0.10390198230743408,0.8960980176925659,75.0,
30,train,energy,41.94014358520508,0.18243145942687988,0.8175685405731201,330.0,
31,train,energy,33.65272903442383,0.4577986001968384,0.5422013998031616,8.0,
32,train,energy,36.25456619262695,0.14582842588424683,0.8541715741157532,728.0,
33,train,energy,46.13189697265625,0.13695508241653442,0.8630449175834656,128.0,
34,train,energy,57.67778015136719,0.08205628395080566,0.9179437160491943,200.0,
35,train,energy,43.20186233520508,0.10040003061294556,0.8995999693870544,799.0,
36,train,energy,42.35505676269531,0.03391057252883911,0.9660894274711609,639.0,
37,train,energy,36.148502349853516,0.203887939453125,0.796112060546875,638.0,
38,train,energy,-3.381678342819214,0.14669561386108398,0.853304386138916,350.0,
39,train,energy,35.4071159362793,0.05268830060958862,0.9473116993904114,396.0,
40,train,energy,34.30860137939453,0.12712407112121582,0.8728759288787842,163.0,
41,train,energy,37.20049285888672,0.12213832139968872,0.8778616786003113,485.0,
42,train,energy,44.981929779052734,0.08770489692687988,0.9122951030731201,216.0,
43,train,energy,33.48421859741211,0.31745827198028564,0.6825417280197144,605.0,
44,train,energy,38.97028350830078,0.11539101600646973,0.8846089839935303,14.0,
45,train,energy,40.07707214355469,0.370488703250885,0.629511296749115,615.0,
46,train,energy,46.51884460449219,0.08868169784545898,0.911318302154541,360.0,
47,train,energy,36.462318420410156,0.17256122827529907,0.8274387717247009,756.0,
48,train,energy,50.493228912353516,0.0455167293548584,0.9544832706451416,551.0,
49,train,energy,46.48092269897461,0.08179271221160889,0.9182072877883911,690.0,
50,train,energy,40.24795150756836,0.0990789532661438,0.9009210467338562,203.0,
51,train,energy,44.33759689331055,0.0991867184638977,0.9008132815361023,369.0,
52,train,energy,42.3952751159668,0.853840708732605,0.14615929126739502,439.0,
53,train,energy,59.5567512512207,0.060342609882354736,0.9396573901176453,299.0,
54,train,energy,42.25971603393555,0.1628994345664978,0.8371005654335022,188.0,
55,train,energy,41.92885971069336,0.05416947603225708,0.9458305239677429,383.0,
56,train,energy,32.80415725708008,0.10058021545410156,0.8994197845458984,665.0,
57,train,energy,40.58880615234375,0.26058536767959595,0.739414632320404,105.0,
58,train,energy,43.70943069458008,0.0534590482711792,0.9465409517288208,779.0,
59,train,energy,40.49867248535156,0.11365008354187012,0.8863499164581299,715.0,
60,train,energy,42.659603118896484,0.5312271118164062,0.46877288818359375,498.0,
61,train,energy,41.179840087890625,0.10356032848358154,0.8964396715164185,374.0,
62,train,energy,37.77308654785156,0.07719284296035767,0.9228071570396423,314.0,
63,train,energy,36.36018753051758,0.07549035549163818,0.9245096445083618,376.0,
64,train,energy,37.948822021484375,0.1460568904876709,0.8539431095123291,270.0,
65,train,energy,45.151973724365234,0.3105469346046448,0.6894530653953552,600.0,
66,train,energy,52.30634307861328,0.215539813041687,0.784460186958313,199.0,
67,train,energy,34.75510025024414,0.08675390481948853,0.9132460951805115,344.0,
68,train,energy,46.054710388183594,0.14555466175079346,0.8544453382492065,587.0,
69,train,energy,47.94609832763672,0.15353941917419434,0.8464605808258057,126.0,
70,train,energy,37.40885543823242,0.15158498287200928,0.8484150171279907,475.0,
71,train,energy,39.906036376953125,0.20956951379776,0.79043048620224,164.0,
72,train,energy,34.69907760620117,0.06819403171539307,0.9318059682846069,76.0,
73,train,energy,45.9853515625,0.12485760450363159,0.8751423954963684,579.0,
74,train,energy,36.93181228637695,0.044093966484069824,0.9559060335159302,260.0,
75,train,energy,42.252315521240234,0.08160781860351562,0.9183921813964844,591.0,
76,train,energy,47.15899658203125,0.07634001970291138,0.9236599802970886,150.0,
77,train,energy,32.294437408447266,0.09633833169937134,0.9036616683006287,624.0,
78,train,energy,37.828556060791016,0.10746592283248901,0.892534077167511,798.0,
79,train,energy,28.847578048706055,0.1477794051170349,0.8522205948829651,672.0,
80,train,energy,45.847293853759766,0.0733788013458252,0.9266211986541748,253.0,
81,train,energy,41.421302795410156,0.18654292821884155,0.8134570717811584,674.0,
82,train,energy,35.313453674316406,0.09154635667800903,0.908453643321991,186.0,
83,train,energy,42.74534606933594,0.04979068040847778,0.9502093195915222,684.0,
84,train,energy,42.71299362182617,0.11974233388900757,0.8802576661109924,659.0,
85,train,energy,44.8966064453125,0.04761838912963867,0.9523816108703613,580.0,
86,train,energy,39.37770080566406,0.05254101753234863,0.9474589824676514,789.0,
87,train,energy,52.349822998046875,0.20172381401062012,0.7982761859893799,506.0,
88,train,energy,54.82994079589844,0.08472055196762085,0.9152794480323792,411.0,
89,train,energy,41.99541473388672,0.6503003239631653,0.3496996760368347,511.0,
90,train,energy,43.82897186279297,0.047992706298828125,0.9520072937011719,521.0,
91,train,energy,43.698143005371094,0.09308063983917236,0.9069193601608276,743.0,
92,train,energy,49.63198471069336,0.0980040431022644,0.9019959568977356,528.0,
93,train,energy,36.57429885864258,0.04667019844055176,0.9533298015594482,196.0,
94,train,energy,37.89744567871094,0.07577991485595703,0.924220085144043,593.0,
95,train,energy,36.63819885253906,0.1709999442100525,0.8290000557899475,429.0,
96,train,energy,30.37471580505371,0.13323932886123657,0.8667606711387634,64.0,
97,train,energy,34.58094787597656,0.18816983699798584,0.8118301630020142,31.0,
98,train,energy,48.19924545288086,0.08774405717849731,0.9122559428215027,473.0,
99,train,energy,41.75052261352539,0.46164554357528687,0.5383544564247131,398.0,
100,train,energy,41.17273712158203,0.2701317071914673,0.7298682928085327,548.0,
101,train,energy,31.823331832885742,0.03209561109542847,0.9679043889045715,567.0,
102,train,energy,38.42987060546875,0.09636080265045166,0.9036391973495483,223.0,
103,train,energy,45.306373596191406,0.06920433044433594,0.9307956695556641,524.0,
104,train,energy,41.09908676147461,0.09239232540130615,0.9076076745986938,645.0,
105,train,energy,33.03629684448242,0.08199930191040039,0.9180006980895996,741.0,
106,train,energy,41.75725173950195,0.22379064559936523,0.7762093544006348,56.0,
107,train,energy,42.156917572021484,0.06261801719665527,0.9373819828033447,496.0,
108,train,energy,39.060302734375,0.033050477504730225,0.9669495224952698,11.0,
109,train,energy,46.68939208984375,0.166856586933136,0.833143413066864,648.0,
110,train,energy,44.606300354003906,0.0387347936630249,0.9612652063369751,786.0,
111,train,energy,34.83076858520508,0.13279664516448975,0.8672033548355103,724.0,
112,train,energy,45.92103576660156,0.0812562108039856,0.9187437891960144,792.0,
113,train,energy,41.609352111816406,0.08190399408340454,0.9180960059165955,286.0,
114,train,energy,46.327449798583984,0.05593341588973999,0.94406658411026,123.0,
115,train,energy,34.33219528198242,0.11089128255844116,0.8891087174415588,80.0,
116,train,energy,37.24436950683594,0.1163942813873291,0.8836057186126709,327.0,
117,train,energy,38.81732177734375,0.07415771484375,0.92584228515625,688.0,
118,train,energy,46.6534423828125,0.08622026443481445,0.9137797355651855,170.0,
119,train,energy,38.417110443115234,0.05398273468017578,0.9460172653198242,477.0,
120,train,energy,38.934898376464844,0.08212530612945557,0.9178746938705444,266.0,
121,train,energy,39.35960388183594,0.04896312952041626,0.9510368704795837,108.0,
122,train,energy,45.981178283691406,0.05532962083816528,0.9446703791618347,319.0,
123,train,energy,41.180606842041016,0.08679395914077759,0.9132060408592224,749.0,
124,train,energy,41.80830383300781,0.10205948352813721,0.8979405164718628,36.0,
125,train,energy,52.73606491088867,0.07684272527694702,0.923157274723053,68.0,
126,train,energy,45.039390563964844,0.3525959849357605,0.6474040150642395,294.0,
127,train,energy,37.34175109863281,0.40090978145599365,0.5990902185440063,9.0,
128,train,energy,31.946754455566406,0.18079781532287598,0.819202184677124,658.0,
129,train,energy,30.665687561035156,0.10951751470565796,0.890482485294342,165.0,
130,train,energy,41.80293273925781,0.9999982118606567,1.7881393432617188e-06,326.0,
131,train,energy,48.52766036987305,0.2139834761619568,0.7860165238380432,627.0,
132,train,energy,43.529640197753906,0.039373695850372314,0.9606263041496277,140.0,
133,train,energy,40.254661560058594,0.09210008382797241,0.9078999161720276,410.0,
134,train,energy,41.52752685546875,0.26102739572525024,0.7389726042747498,620.0,
135,train,energy,42.72642135620117,0.1409587264060974,0.8590412735939026,622.0,
136,train,energy,39.07907485961914,0.16574788093566895,0.834252119064331,358.0,
137,train,energy,34.786712646484375,0.05516022443771362,0.9448397755622864,92.0,
138,train,energy,38.51260757446289,0.05969816446304321,0.9403018355369568,550.0,
139,train,energy,49.13628387451172,0.11355936527252197,0.886440634727478,325.0,
140,train,energy,-2.330019235610962,0.7561581134796143,0.24384188652038574,515.0,
141,train,energy,34.66775894165039,0.11668187379837036,0.8833181262016296,492.0,
142,train,energy,52.284690856933594,0.1180734634399414,0.8819265365600586,29.0,
143,train,energy,40.087486267089844,0.11382031440734863,0.8861796855926514,302.0,
144,train,energy,36.88835906982422,0.6321725845336914,0.3678274154663086,449.0,
145,train,energy,41.27402114868164,0.1156964898109436,0.8843035101890564,675.0,
146,train,energy,39.453365325927734,0.46257221698760986,0.5374277830123901,262.0,
147,train,energy,36.99626541137695,0.07456612586975098,0.925433874130249,501.0,
148,train,energy,35.358131408691406,0.1256086826324463,0.8743913173675537,117.0,
149,train,energy,39.179908752441406,0.1918649673461914,0.8081350326538086,606.0,
150,train,energy,52.175289154052734,0.48464471101760864,0.5153552889823914,33.0,
151,train,energy,42.74818801879883,0.07539844512939453,0.9246015548706055,755.0,
152,train,energy,39.13787078857422,0.14913266897201538,0.8508673310279846,342.0,
153,train,energy,36.37575149536133,0.038688719272613525,0.9613112807273865,549.0,
154,train,energy,43.18940734863281,0.2351345419883728,0.7648654580116272,676.0,
155,train,energy,47.07169723510742,0.18411117792129517,0.8158888220787048,338.0,
156,train,energy,42.68764114379883,0.08161717653274536,0.9183828234672546,104.0,
157,train,energy,35.88096618652344,0.07518517971038818,0.9248148202896118,532.0,
158,train,energy,37.55513381958008,0.12934839725494385,0.8706516027450562,256.0,
159,train,energy,39.4310417175293,0.07464849948883057,0.9253515005111694,311.0,
160,train,energy,38.99940490722656,0.21290308237075806,0.7870969176292419,109.0,
161,train,energy,37.61376190185547,0.1472306251525879,0.8527693748474121,541.0,
162,train,energy,25.588703155517578,0.22518277168273926,0.7748172283172607,556.0,
163,train,energy,44.52195739746094,0.06213116645812988,0.9378688335418701,146.0,
164,train,energy,40.130523681640625,0.2537693381309509,0.7462306618690491,641.0,
165,train,energy,35.653282165527344,0.099301278591156,0.900698721408844,643.0,
166,train,energy,38.4780158996582,0.08830928802490234,0.9116907119750977,797.0,
167,train,energy,34.23100662231445,0.05624347925186157,0.9437565207481384,365.0,
168,train,energy,49.84965515136719,0.32271450757980347,0.6772854924201965,467.0,
169,train,energy,41.72537612915039,0.0892297625541687,0.9107702374458313,50.0,
170,train,energy,56.2107048034668,0.5125840902328491,0.4874159097671509,317.0,
171,train,energy,36.40703201293945,0.5404624938964844,0.4595375061035156,451.0,
172,train,energy,46.24191665649414,0.052890777587890625,0.9471092224121094,455.0,
173,train,energy,31.1433162689209,0.07044714689254761,0.9295528531074524,428.0,
174,train,energy,42.1317138671875,0.8640803694725037,0.13591963052749634,90.0,
175,train,energy,39.27253341674805,0.09001171588897705,0.909988284111023,598.0,
176,train,energy,42.584571838378906,0.05858874320983887,0.9414112567901611,772.0,
177,train,energy,37.100547790527344,0.06113135814666748,0.9388686418533325,444.0,
178,train,energy,40.24668884277344,0.20780819654464722,0.7921918034553528,54.0,
179,train,energy,38.94367218017578,0.1512426733970642,0.8487573266029358,340.0,
180,train,energy,48.7912483215332,0.055808424949645996,0.944191575050354,367.0,
181,train,energy,47.404632568359375,0.07252782583236694,0.9274721741676331,462.0,
182,train,energy,37.54656982421875,0.4530048966407776,0.5469951033592224,201.0,
183,train,energy,42.676605224609375,0.42952632904052734,0.5704736709594727,768.0,
184,train,energy,28.698848724365234,0.08834922313690186,0.9116507768630981,769.0,
185,train,energy,37.459266662597656,0.06904572248458862,0.9309542775154114,573.0,
186,train,energy,40.36000061035156,0.1656259298324585,0.8343740701675415,780.0,
187,train,energy,60.309051513671875,0.8495069146156311,0.1504930853843689,735.0,
188,train,energy,40.187103271484375,0.12388670444488525,0.8761132955551147,507.0,
189,train,energy,37.401268005371094,0.05986154079437256,0.9401384592056274,785.0,
190,train,energy,36.12849044799805,0.18460261821746826,0.8153973817825317,722.0,
191,train,energy,44.51454544067383,0.16127723455429077,0.8387227654457092,750.0,
192,train,energy,32.1420783996582,0.06244939565658569,0.9375506043434143,141.0,
193,train,energy,46.83607864379883,0.09527987241744995,0.90472012758255,246.0,
194,train,energy,50.041015625,0.15318000316619873,0.8468199968338013,211.0,
195,train,energy,37.786766052246094,0.11672300100326538,0.8832769989967346,226.0,
196,train,energy,38.913848876953125,0.12545251846313477,0.8745474815368652,101.0,
197,train,energy,50.8487434387207,0.16941940784454346,0.8305805921554565,564.0,
198,train,energy,39.26326370239258,0.35402733087539673,0.6459726691246033,420.0,
199,train,energy,37.822776794433594,0.5351024866104126,0.4648975133895874,394.0,
200,train,energy,42.20721435546875,0.9068490862846375,0.09315091371536255,403.0,
201,train,energy,37.954463958740234,0.4881293773651123,0.5118706226348877,776.0,
202,train,energy,45.568477630615234,0.062289416790008545,0.9377105832099915,124.0,
203,train,energy,38.670902252197266,0.15849220752716064,0.8415077924728394,552.0,
204,train,energy,62.13835144042969,0.2671735882759094,0.7328264117240906,748.0,
205,train,energy,39.96448516845703,0.5205934047698975,0.47940659523010254,753.0,
206,train,energy,41.12799072265625,0.178278386592865,0.821721613407135,288.0,
207,train,energy,41.55388641357422,0.15113574266433716,0.8488642573356628,227.0,
208,train,energy,37.70623779296875,0.07919818162918091,0.9208018183708191,249.0,
209,train,energy,32.51195526123047,0.1718202829360962,0.8281797170639038,760.0,
210,train,energy,40.575653076171875,0.0995415449142456,0.9004584550857544,662.0,
211,train,energy,35.796878814697266,0.06280016899108887,0.9371998310089111,370.0,
212,train,energy,38.590065002441406,0.11070078611373901,0.889299213886261,765.0,
213,train,energy,41.659942626953125,0.1684688925743103,0.8315311074256897,366.0,
214,train,energy,35.6342887878418,0.2282247543334961,0.7717752456665039,764.0,
215,train,energy,44.661460876464844,0.12411582469940186,0.8758841753005981,86.0,
216,train,energy,35.73776626586914,0.2778502106666565,0.7221497893333435,215.0,
217,train,energy,49.35142517089844,0.518034040927887,0.48196595907211304,364.0,
218,train,energy,35.65618896484375,0.06703341007232666,0.9329665899276733,20.0,
219,train,energy,42.86978530883789,0.08133608102798462,0.9186639189720154,120.0,
220,train,energy,40.456031799316406,0.29694610834121704,0.703053891658783,388.0,
221,train,energy,34.24425506591797,0.13539743423461914,0.8646025657653809,318.0,
222,train,energy,36.85112380981445,0.08908331394195557,0.9109166860580444,82.0,
223,train,energy,31.99546241760254,0.057322680950164795,0.9426773190498352,490.0,
224,train,energy,39.12064743041992,0.03480345010757446,0.9651965498924255,399.0,
225,train,energy,32.438011169433594,0.052847087383270264,0.9471529126167297,739.0,
226,train,energy,35.072418212890625,0.12638342380523682,0.8736165761947632,13.0,
227,train,energy,49.3858642578125,0.12453460693359375,0.8754653930664062,43.0,
228,train,energy,39.641265869140625,0.12429946660995483,0.8757005333900452,300.0,
229,train,energy,41.447975158691406,0.0679703950881958,0.9320296049118042,239.0,
230,train,energy,40.54228973388672,0.24716496467590332,0.7528350353240967,242.0,
231,train,energy,48.681827545166016,0.09517937898635864,0.9048206210136414,729.0,
232,train,energy,38.005550384521484,0.4964315891265869,0.5035684108734131,572.0,
233,train,energy,-3.8796331882476807,0.028330564498901367,0.9716694355010986,790.0,
234,train,energy,44.446861267089844,0.0935559868812561,0.9064440131187439,138.0,
235,train,energy,44.613224029541016,0.12986505031585693,0.8701349496841431,295.0,
236,train,energy,39.1134033203125,0.16104978322982788,0.8389502167701721,67.0,
237,train,energy,46.58795928955078,0.13726407289505005,0.86273592710495,670.0,
238,train,energy,44.03184509277344,0.11613583564758301,0.883864164352417,386.0,
239,train,energy,33.81756591796875,0.06341105699539185,0.9365889430046082,261.0,
240,train,energy,45.19315719604492,0.2852994203567505,0.7147005796432495,534.0,
241,train,energy,37.807376861572266,0.13344699144363403,0.866553008556366,692.0,
242,train,energy,43.51628112792969,0.12293726205825806,0.8770627379417419,618.0,
243,train,energy,37.762550354003906,0.046530961990356445,0.9534690380096436,464.0,
244,train,energy,34.44648742675781,0.0728456974029541,0.9271543025970459,142.0,
245,train,energy,47.11021423339844,0.11580049991607666,0.8841995000839233,709.0,
246,train,energy,52.243934631347656,0.5548023581504822,0.4451976418495178,301.0,
247,train,energy,34.578819274902344,0.15542447566986084,0.8445755243301392,637.0,
248,train,energy,53.13343048095703,0.2107689380645752,0.7892310619354248,525.0,
249,train,energy,37.279361724853516,0.17591124773025513,0.8240887522697449,224.0,
250,train,energy,37.03306198120117,0.13032805919647217,0.8696719408035278,289.0,
251,train,energy,35.08732986450195,0.0919378399848938,0.9080621600151062,228.0,
252,train,energy,37.20509338378906,0.09668350219726562,0.9033164978027344,585.0,
253,train,energy,31.183757781982422,0.07104498147964478,0.9289550185203552,175.0,
254,train,energy,40.474464416503906,0.10001534223556519,0.8999846577644348,697.0,
255,train,energy,39.49298858642578,0.1422584056854248,0.8577415943145752,363.0,
256,train,energy,40.807979583740234,0.11137145757675171,0.8886285424232483,642.0,
257,train,energy,36.65395736694336,0.08434206247329712,0.9156579375267029,133.0,
258,train,energy,41.50779342651367,0.07315170764923096,0.926848292350769,418.0,
259,train,energy,48.9485969543457,0.10872828960418701,0.891271710395813,540.0,
260,train,energy,36.66687774658203,0.11110079288482666,0.8888992071151733,281.0,
261,train,energy,51.981956481933594,0.06284260749816895,0.937157392501831,452.0,
262,train,energy,44.408729553222656,0.19717788696289062,0.8028221130371094,328.0,
263,train,energy,47.26377487182617,0.0647544264793396,0.9352455735206604,679.0,
264,train,energy,37.39726638793945,0.16535651683807373,0.8346434831619263,198.0,
265,train,energy,42.24125671386719,0.14993125200271606,0.8500687479972839,58.0,
266,train,energy,41.042564392089844,0.12818235158920288,0.8718176484107971,445.0,
267,train,energy,37.87550735473633,0.2544873356819153,0.7455126643180847,204.0,
268,train,energy,59.12601089477539,0.2123016119003296,0.7876983880996704,698.0,
269,train,energy,44.08495330810547,0.09889203310012817,0.9011079668998718,536.0,
270,train,energy,38.84178161621094,0.054772794246673584,0.9452272057533264,41.0,
271,train,energy,32.82402038574219,0.10257768630981445,0.8974223136901855,510.0,
272,train,energy,37.912776947021484,0.09711861610412598,0.902881383895874,347.0,
273,train,energy,43.77372741699219,0.11372840404510498,0.886271595954895,459.0,
274,train,energy,40.83649826049805,0.18163907527923584,0.8183609247207642,263.0,
275,train,energy,40.61650848388672,0.07006460428237915,0.9299353957176208,563.0,
276,train,energy,46.381370544433594,0.16687816381454468,0.8331218361854553,634.0,
277,train,energy,49.71884536743164,0.06508153676986694,0.9349184632301331,778.0,
278,train,energy,40.230567932128906,0.1408463716506958,0.8591536283493042,313.0,
279,train,energy,40.9343147277832,0.5412365198135376,0.4587634801864624,435.0,
280,train,energy,33.51551055908203,0.10728883743286133,0.8927111625671387,375.0,
281,train,energy,34.119972229003906,0.045794010162353516,0.9542059898376465,22.0,
282,train,energy,39.05838394165039,0.09999126195907593,0.9000087380409241,84.0,
283,train,energy,44.145076751708984,0.10857445001602173,0.8914255499839783,603.0,
284,train,energy,41.43984603881836,0.10649341344833374,0.8935065865516663,210.0,
285,train,energy,36.17482376098633,0.1025652289390564,0.8974347710609436,426.0,
286,train,energy,47.72767639160156,0.1077948808670044,0.8922051191329956,413.0,
287,train,energy,48.340553283691406,0.2584565281867981,0.7415434718132019,655.0,
288,train,energy,40.661354064941406,0.1272127628326416,0.8727872371673584,607.0,
289,train,energy,47.961551666259766,0.07374709844589233,0.9262529015541077,240.0,
290,train,energy,50.188316345214844,0.2882996201515198,0.7117003798484802,217.0,
291,train,energy,34.30095291137695,0.20392268896102905,0.796077311038971,355.0,
292,train,energy,51.25511932373047,0.17312902212142944,0.8268709778785706,471.0,
293,train,energy,35.84270477294922,0.1049966812133789,0.8950033187866211,320.0,
294,train,energy,47.744937896728516,0.06436920166015625,0.9356307983398438,699.0,
295,train,energy,42.09907913208008,0.5060701370239258,0.4939298629760742,129.0,
296,train,energy,36.96614074707031,0.3139697313308716,0.6860302686691284,478.0,
297,train,energy,49.365631103515625,0.28580111265182495,0.714198887348175,269.0,
298,train,energy,47.91478729248047,0.07244902849197388,0.9275509715080261,716.0,
299,train,energy,35.082523345947266,0.10045212507247925,0.8995478749275208,180.0,
300,train,energy,35.5247688293457,0.4431162476539612,0.5568837523460388,458.0,
301,train,energy,49.92185974121094,0.1382061243057251,0.8617938756942749,757.0,
302,train,energy,40.03947830200195,0.12319010496139526,0.8768098950386047,621.0,
303,train,energy,31.335861206054688,0.2739260196685791,0.7260739803314209,151.0,
304,train,energy,49.03972625732422,0.09892958402633667,0.9010704159736633,784.0,
305,train,energy,35.86079788208008,0.07513338327407837,0.9248666167259216,323.0,
306,train,energy,38.00716018676758,0.17012077569961548,0.8298792243003845,704.0,
307,train,energy,40.87014389038086,0.09874522686004639,0.9012547731399536,612.0,
308,train,energy,48.883792877197266,0.15249186754226685,0.8475081324577332,725.0,
309,train,energy,41.02560806274414,0.09131515026092529,0.9086848497390747,682.0,
310,train,energy,27.65363883972168,0.14116418361663818,0.8588358163833618,351.0,
311,train,energy,40.356475830078125,0.23380643129348755,0.7661935687065125,99.0,
312,train,energy,54.96871566772461,0.19094806909561157,0.8090519309043884,614.0,
313,train,energy,48.446014404296875,0.31601935625076294,0.6839806437492371,491.0,
314,train,energy,35.48631286621094,0.29925960302352905,0.700740396976471,489.0,
315,train,energy,42.54420852661133,0.06314170360565186,0.9368582963943481,796.0,
316,train,energy,43.76595687866211,0.23999619483947754,0.7600038051605225,144.0,
317,train,energy,38.484642028808594,0.5081459283828735,0.49185407161712646,436.0,
318,train,energy,47.02610397338867,0.12604260444641113,0.8739573955535889,57.0,
319,train,energy,34.676326751708984,0.7229938507080078,0.2770061492919922,93.0,
320,train,energy,44.36466979980469,0.12318599224090576,0.8768140077590942,219.0,
321,train,energy,47.06180953979492,0.13176608085632324,0.8682339191436768,721.0,
322,train,energy,41.32942581176758,0.2217007279396057,0.7782992720603943,205.0,
323,train,energy,43.47618865966797,0.13923460245132446,0.8607653975486755,423.0,
324,train,energy,40.537113189697266,0.09736722707748413,0.9026327729225159,174.0,
325,train,energy,55.0047492980957,0.07881748676300049,0.9211825132369995,719.0,
326,train,energy,37.73114013671875,0.16498905420303345,0.8350109457969666,427.0,
327,train,energy,40.34156036376953,0.999936580657959,6.341934204101562e-05,212.0,
328,train,energy,35.681800842285156,0.9999997019767761,2.980232238769531e-07,635.0,
329,train,energy,42.16439437866211,0.08075016736984253,0.9192498326301575,457.0,
330,train,energy,39.744537353515625,0.26519590616226196,0.734804093837738,1.0,
331,train,energy,36.60581588745117,0.23213231563568115,0.7678676843643188,116.0,
332,train,energy,40.80073165893555,0.11218249797821045,0.8878175020217896,83.0,
333,train,energy,39.21089172363281,0.06683623790740967,0.9331637620925903,280.0,
334,train,energy,43.891937255859375,0.05862998962402344,0.9413700103759766,112.0,
335,train,energy,32.53050231933594,0.9999932050704956,6.794929504394531e-06,254.0,
336,train,energy,41.27223587036133,0.7644290328025818,0.2355709671974182,771.0,
337,train,energy,45.049617767333984,0.04975825548171997,0.95024174451828,28.0,
338,train,energy,38.45987319946289,0.07307606935501099,0.926923930644989,561.0,
339,train,energy,46.207916259765625,0.08100169897079468,0.9189983010292053,147.0,
340,train,energy,43.626914978027344,0.12827318906784058,0.8717268109321594,52.0,
341,train,energy,52.53763198852539,0.1494860053062439,0.8505139946937561,747.0,
342,train,energy,36.97978591918945,0.5731806755065918,0.4268193244934082,307.0,
343,train,energy,40.30021667480469,0.10591179132461548,0.8940882086753845,357.0,
344,train,energy,36.26280212402344,0.33346623182296753,0.6665337681770325,575.0,
345,train,energy,33.7841682434082,0.12308907508850098,0.876910924911499,632.0,
346,train,energy,36.8015251159668,0.24980252981185913,0.7501974701881409,761.0,
347,train,energy,48.548919677734375,0.08918434381484985,0.9108156561851501,310.0,
348,train,energy,56.60877227783203,0.08300507068634033,0.9169949293136597,422.0,
349,train,energy,39.98441696166992,0.658157467842102,0.34184253215789795,250.0,
350,train,energy,35.54341125488281,0.06119036674499512,0.9388096332550049,734.0,
351,train,energy,26.46524429321289,0.15171915292739868,0.8482808470726013,711.0,
352,train,energy,34.23722839355469,0.30013084411621094,0.6998691558837891,61.0,
353,train,energy,49.76682662963867,0.12057501077651978,0.8794249892234802,708.0,
354,train,energy,42.20414733886719,0.999904453754425,9.554624557495117e-05,233.0,
355,train,energy,46.44831085205078,0.06830728054046631,0.9316927194595337,545.0,
356,train,energy,33.46010971069336,0.18238019943237305,0.817619800567627,49.0,
357,train,energy,45.563941955566406,0.11512792110443115,0.8848720788955688,571.0,
358,train,energy,33.20106887817383,0.03723341226577759,0.9627665877342224,167.0,
359,train,energy,42.53159713745117,0.10778188705444336,0.8922181129455566,354.0,
360,train,energy,44.124691009521484,0.0689852237701416,0.9310147762298584,533.0,
361,train,energy,36.4595832824707,0.24845761060714722,0.7515423893928528,287.0,
362,train,energy,41.070003509521484,0.2861250042915344,0.7138749957084656,554.0,
363,train,energy,46.62774658203125,0.35469019412994385,0.6453098058700562,723.0,
364,train,energy,48.66661834716797,0.08707320690155029,0.9129267930984497,578.0,
365,train,energy,33.187313079833984,0.3681636452674866,0.6318363547325134,85.0,
366,train,energy,42.492340087890625,0.07073640823364258,0.9292635917663574,179.0,
367,train,energy,38.142066955566406,0.09252184629440308,0.9074781537055969,137.0,
368,train,energy,-3.1886916160583496,0.08481764793395996,0.91518235206604,271.0,
369,train,energy,34.26022720336914,0.08898663520812988,0.9110133647918701,53.0,
370,train,energy,40.86137390136719,0.07748287916183472,0.9225171208381653,384.0,
371,train,energy,38.69484329223633,0.06737703084945679,0.9326229691505432,495.0,
372,train,energy,46.79301071166992,0.1173468828201294,0.8826531171798706,590.0,
373,train,energy,47.253292083740234,0.1300155520439148,0.8699844479560852,30.0,
374,train,energy,36.95947265625,0.1512395739555359,0.8487604260444641,570.0,
375,train,energy,34.33604431152344,0.0682746171951294,0.9317253828048706,237.0,
376,train,energy,39.79633712768555,0.2143028974533081,0.7856971025466919,707.0,
377,train,energy,41.38298416137695,0.22329020500183105,0.776709794998169,696.0,
378,train,energy,41.51276397705078,0.14763742685317993,0.8523625731468201,59.0,
379,train,energy,46.637359619140625,0.22980087995529175,0.7701991200447083,416.0,
380,train,energy,38.34245300292969,0.05995756387710571,0.9400424361228943,529.0,
381,train,energy,37.150856018066406,0.06199926137924194,0.9380007386207581,546.0,
382,train,energy,37.24551010131836,0.11465775966644287,0.8853422403335571,499.0,
383,train,energy,16.50499153137207,0.09211373329162598,0.907886266708374,616.0,
384,train,energy,34.655818939208984,0.17869102954864502,0.821308970451355,359.0,
385,train,energy,42.9294548034668,0.10639458894729614,0.8936054110527039,48.0,
386,train,energy,45.01957321166992,0.12251883745193481,0.8774811625480652,153.0,
387,train,energy,40.42591094970703,0.22232073545455933,0.7776792645454407,736.0,
388,train,energy,35.42607116699219,0.12266683578491211,0.8773331642150879,609.0,
389,train,energy,37.772552490234375,0.14223921298980713,0.8577607870101929,273.0,
390,train,energy,39.14295959472656,0.0973823070526123,0.9026176929473877,345.0,
391,train,energy,41.21486282348633,0.49174195528030396,0.508258044719696,595.0,
392,train,energy,42.11406707763672,0.06940150260925293,0.9305984973907471,463.0,
393,train,energy,54.04196548461914,0.0833708643913269,0.9166291356086731,15.0,
394,train,energy,44.8277473449707,0.9999998807907104,1.1920928955078125e-07,663.0,
395,train,energy,46.62657165527344,0.07165378332138062,0.9283462166786194,46.0,
396,train,energy,37.02810287475586,0.05686300992965698,0.943136990070343,671.0,
397,train,energy,29.447416305541992,0.09102469682693481,0.9089753031730652,372.0,
398,train,energy,38.300994873046875,0.09476560354232788,0.9052343964576721,387.0,
399,train,energy,24.25819969177246,0.06528747081756592,0.9347125291824341,500.0,
400,train,energy,55.07872772216797,0.07829058170318604,0.921709418296814,653.0,
401,train,energy,38.86703109741211,0.12674319744110107,0.8732568025588989,758.0,
402,train,energy,34.81096649169922,0.21696728467941284,0.7830327153205872,777.0,
403,train,energy,43.904258728027344,0.0688478946685791,0.9311521053314209,267.0,
404,train,energy,43.279701232910156,0.14357924461364746,0.8564207553863525,737.0,
405,train,energy,40.24394607543945,0.07295393943786621,0.9270460605621338,208.0,
406,train,energy,43.0523796081543,0.09094196557998657,0.9090580344200134,408.0,
407,train,energy,36.69011688232422,0.21522682905197144,0.7847731709480286,70.0,
408,train,energy,37.72259521484375,0.16594809293746948,0.8340519070625305,469.0,
409,train,energy,46.48699951171875,0.07807254791259766,0.9219274520874023,331.0,
410,train,energy,40.730125427246094,0.07913434505462646,0.9208656549453735,96.0,
411,train,energy,37.57053756713867,0.19042855501174927,0.8095714449882507,24.0,
412,train,energy,31.62253189086914,0.5103275775909424,0.4896724224090576,312.0,
413,train,energy,44.506431579589844,0.15815716981887817,0.8418428301811218,335.0,
414,train,energy,35.352935791015625,0.11165589094161987,0.8883441090583801,305.0,
415,train,energy,46.5521240234375,0.17132490873336792,0.8286750912666321,356.0,
416,train,energy,38.452354431152344,0.09626990556716919,0.9037300944328308,791.0,
417,train,energy,40.08606719970703,0.05843627452850342,0.9415637254714966,5.0,
418,train,energy,31.433116912841797,0.04671865701675415,0.9532813429832458,651.0,
419,train,energy,47.29139709472656,0.3721277117729187,0.6278722882270813,51.0,
420,train,energy,32.93873977661133,0.24073052406311035,0.7592694759368896,531.0,
421,train,energy,31.746103286743164,0.2582964301109314,0.7417035698890686,230.0,
422,train,energy,37.50775909423828,0.07590746879577637,0.9240925312042236,713.0,
423,train,energy,49.788211822509766,0.3779669404029846,0.6220330595970154,773.0,
424,train,energy,41.93724822998047,0.14804762601852417,0.8519523739814758,71.0,
425,train,energy,50.34689712524414,0.5193630456924438,0.48063695430755615,206.0,
426,train,energy,49.6035270690918,0.08830225467681885,0.9116977453231812,78.0,
427,train,energy,36.285587310791016,0.12627464532852173,0.8737253546714783,419.0,
428,train,energy,45.55869674682617,0.16628295183181763,0.8337170481681824,97.0,
429,train,energy,39.8958625793457,0.06758701801300049,0.9324129819869995,438.0,
430,train,energy,37.414642333984375,0.15030395984649658,0.8496960401535034,232.0,
431,train,energy,37.404823303222656,0.06750702857971191,0.9324929714202881,290.0,
432,train,energy,31.02050018310547,0.17815876007080078,0.8218412399291992,12.0,
433,train,energy,46.1122932434082,0.1526411771774292,0.8473588228225708,483.0,
434,train,energy,56.581966400146484,0.43978995084762573,0.5602100491523743,371.0,
435,train,energy,51.204891204833984,0.896263062953949,0.10373693704605103,207.0,
436,train,energy,43.384437561035156,0.0976632833480835,0.9023367166519165,63.0,
437,train,energy,40.40211486816406,0.7296447157859802,0.2703552842140198,2.0,
438,train,energy,40.842655181884766,0.10584151744842529,0.8941584825515747,781.0,
439,train,energy,43.904884338378906,0.03140246868133545,0.9685975313186646,775.0,
440,train,energy,49.49234390258789,0.9999995231628418,4.76837158203125e-07,23.0,
441,train,energy,43.7974967956543,0.08531063795089722,0.9146893620491028,636.0,
442,train,energy,40.2227783203125,0.1480124592781067,0.8519875407218933,493.0,
443,train,energy,41.14262390136719,0.07153069972991943,0.9284693002700806,770.0,
444,train,energy,41.97990036010742,0.2356746792793274,0.7643253207206726,333.0,
445,train,energy,38.25676727294922,0.06630933284759521,0.9336906671524048,509.0,
446,train,energy,33.80139923095703,0.0939645767211914,0.9060354232788086,127.0,
447,train,energy,38.051856994628906,0.5770243406295776,0.42297565937042236,468.0,
448,train,energy,43.64611053466797,0.22948741912841797,0.770512580871582,479.0,
449,train,energy,34.73482894897461,0.08664685487747192,0.9133531451225281,309.0,
450,train,energy,41.533836364746094,0.05527085065841675,0.9447291493415833,303.0,
451,train,energy,41.42277145385742,0.06329619884490967,0.9367038011550903,560.0,
452,train,energy,37.600074768066406,0.9333662986755371,0.06663370132446289,87.0,
453,train,energy,40.807037353515625,0.0887521505355835,0.9112478494644165,391.0,
454,train,energy,25.15268325805664,0.11090552806854248,0.8890944719314575,657.0,
455,train,energy,43.53786087036133,0.15322983264923096,0.846770167350769,415.0,
456,train,energy,43.229576110839844,0.12394767999649048,0.8760523200035095,381.0,
457,train,energy,37.00718307495117,0.0841478705406189,0.9158521294593811,702.0,
458,train,energy,49.61085891723633,0.28528380393981934,0.7147161960601807,73.0,
459,train,energy,47.784488677978516,0.47683537006378174,0.5231646299362183,608.0,
460,train,energy,36.87047576904297,0.10067987442016602,0.899320125579834,460.0,
461,train,energy,35.80366516113281,0.16849005222320557,0.8315099477767944,767.0,
462,train,energy,36.7949104309082,0.08605033159255981,0.9139496684074402,392.0,
463,train,energy,37.48971939086914,0.053417980670928955,0.946582019329071,640.0,
464,train,energy,40.00394821166992,0.19909697771072388,0.8009030222892761,788.0,
465,train,energy,40.25790023803711,0.049934208393096924,0.9500657916069031,461.0,
466,train,energy,51.53984069824219,0.11677521467208862,0.8832247853279114,599.0,
467,train,energy,33.70469284057617,0.07470840215682983,0.9252915978431702,751.0,
468,train,energy,36.50156021118164,0.0982699990272522,0.9017300009727478,424.0,
469,train,energy,36.58021545410156,0.28874391317367554,0.7112560868263245,414.0,
470,train,energy,43.89435577392578,0.06902152299880981,0.9309784770011902,434.0,
471,train,energy,41.56600570678711,0.08720839023590088,0.9127916097640991,252.0,
472,train,energy,48.73206329345703,0.08019483089447021,0.9198051691055298,154.0,
473,train,energy,31.030986785888672,0.13108915090560913,0.8689108490943909,6.0,
474,train,energy,38.95466232299805,0.11740809679031372,0.8825919032096863,225.0,
475,train,energy,39.619110107421875,0.20455032587051392,0.7954496741294861,277.0,
476,train,energy,41.15436935424805,0.2556415796279907,0.7443584203720093,218.0,
477,train,energy,49.664573669433594,0.07975566387176514,0.9202443361282349,450.0,
478,train,energy,53.64082336425781,0.1279122233390808,0.8720877766609192,166.0,
479,train,energy,51.855953216552734,0.139975905418396,0.860024094581604,114.0,
480,train,energy,50.38687515258789,0.16778892278671265,0.8322110772132874,195.0,
481,train,energy,57.0865478515625,0.5180161595344543,0.48198384046554565,243.0,
482,train,energy,46.82099914550781,0.08533251285552979,0.9146674871444702,714.0,
483,train,energy,38.090206146240234,0.16892403364181519,0.8310759663581848,298.0,
484,train,energy,34.968223571777344,0.10324430465698242,0.8967556953430176,378.0,
485,train,energy,35.72705841064453,0.09921282529830933,0.9007871747016907,107.0,
486,train,energy,55.35981369018555,0.6765593886375427,0.3234406113624573,625.0,
487,train,energy,42.57372283935547,0.14230000972747803,0.857699990272522,106.0,
488,train,energy,46.727779388427734,0.6063997745513916,0.3936002254486084,145.0,
489,train,energy,34.827880859375,0.043233394622802734,0.9567666053771973,766.0,
490,train,energy,23.35101318359375,0.07196027040481567,0.9280397295951843,407.0,
491,train,energy,50.09648132324219,0.06407201290130615,0.9359279870986938,194.0,
492,train,energy,35.412044525146484,0.9854678511619568,0.014532148838043213,10.0,
493,train,energy,44.18701934814453,0.13835400342941284,0.8616459965705872,38.0,
494,train,energy,40.508506774902344,0.05232977867126465,0.9476702213287354,505.0,
495,train,energy,40.493995666503906,0.13297611474990845,0.8670238852500916,397.0,
496,train,energy,39.736122131347656,0.07619422674179077,0.9238057732582092,681.0,
497,train,energy,38.97687530517578,0.10137706995010376,0.8986229300498962,103.0,
498,train,energy,37.00775909423828,0.10923153162002563,0.8907684683799744,518.0,
499,train,energy,39.081871032714844,0.0432586669921875,0.9567413330078125,664.0,
500,train,energy,31.716550827026367,0.06248915195465088,0.9375108480453491,255.0,
501,train,energy,-3.0766234397888184,0.1582229733467102,0.8417770266532898,677.0,
502,train,energy,40.700355529785156,0.2357807755470276,0.7642192244529724,321.0,
503,train,energy,34.79832458496094,0.5111110210418701,0.4888889789581299,346.0,
504,train,energy,45.046546936035156,0.05363869667053223,0.9463613033294678,39.0,
505,train,energy,-3.7220473289489746,0.08975005149841309,0.9102499485015869,574.0,
506,train,energy,31.92552947998047,0.12019717693328857,0.8798028230667114,155.0,
507,train,energy,37.48370361328125,0.0722464919090271,0.9277535080909729,732.0,
508,train,energy,40.8381233215332,0.21383607387542725,0.7861639261245728,40.0,
509,train,energy,42.498863220214844,0.5000237226486206,0.4999762773513794,538.0,
510,train,energy,37.90775680541992,0.05790764093399048,0.9420923590660095,187.0,
511,train,energy,-3.3618133068084717,0.09392499923706055,0.9060750007629395,238.0,
512,train,energy,36.81363296508789,0.07924801111221313,0.9207519888877869,582.0,
513,train,energy,36.99312973022461,0.09203362464904785,0.9079663753509521,522.0,
514,train,energy,46.31401062011719,0.1663285493850708,0.8336714506149292,362.0,
515,train,energy,38.4942626953125,0.05459189414978027,0.9454081058502197,284.0,
516,train,energy,-3.7420005798339844,0.1919804811477661,0.8080195188522339,602.0,
517,train,energy,33.785011291503906,0.06075865030288696,0.939241349697113,633.0,
518,train,energy,41.11370086669922,0.15868091583251953,0.8413190841674805,484.0,
519,train,energy,34.24101257324219,0.06664520502090454,0.9333547949790955,669.0,
520,train,energy,37.8291130065918,0.04455459117889404,0.955445408821106,512.0,
521,train,energy,41.564239501953125,0.24538147449493408,0.7546185255050659,158.0,
522,train,energy,30.989038467407227,0.4630112648010254,0.5369887351989746,136.0,
523,train,energy,34.29161834716797,0.1394142508506775,0.8605857491493225,646.0,
524,train,energy,37.82405471801758,0.15505892038345337,0.8449410796165466,555.0,
525,train,energy,36.94492721557617,0.07363194227218628,0.9263680577278137,763.0,
526,train,energy,43.7164306640625,0.14369285106658936,0.8563071489334106,720.0,
527,train,energy,30.16850471496582,0.16921812295913696,0.830781877040863,100.0,
528,train,energy,36.838539123535156,0.1631038784980774,0.8368961215019226,795.0,
529,train,energy,42.14116668701172,0.3132615089416504,0.6867384910583496,380.0,
530,train,energy,41.72193145751953,0.15310341119766235,0.8468965888023376,404.0,
531,train,energy,40.77798080444336,0.7942284345626831,0.2057715654373169,544.0,
532,train,energy,42.00341033935547,0.08538520336151123,0.9146147966384888,782.0,
533,train,energy,40.52504348754883,0.14223712682724,0.85776287317276,481.0,
534,train,energy,32.910274505615234,0.09504318237304688,0.9049568176269531,494.0,
535,train,energy,47.629844665527344,0.07334673404693604,0.926653265953064,113.0,
536,train,energy,43.894012451171875,0.10353165864944458,0.8964683413505554,285.0,
537,train,energy,44.852806091308594,0.3867012858390808,0.6132987141609192,37.0,
538,train,energy,6.174056053161621,0.10514974594116211,0.8948502540588379,726.0,
539,train,energy,31.53632926940918,0.04536658525466919,0.9546334147453308,465.0,
540,train,energy,51.926734924316406,0.9233530163764954,0.07664698362350464,236.0,
541,train,energy,45.65058135986328,0.254904568195343,0.745095431804657,220.0,
542,train,energy,43.66033935546875,0.20658904314041138,0.7934109568595886,292.0,
543,train,energy,40.27003479003906,0.6735846996307373,0.3264153003692627,406.0,
544,train,energy,40.47166442871094,0.22246813774108887,0.7775318622589111,373.0,
545,train,energy,38.946746826171875,0.05979651212692261,0.9402034878730774,430.0,
546,train,energy,44.55795669555664,0.2887890934944153,0.7112109065055847,274.0,
547,train,energy,35.06688690185547,0.1308649182319641,0.8691350817680359,118.0,
548,train,energy,49.14250564575195,0.1890828013420105,0.8109171986579895,644.0,
549,train,energy,34.93880844116211,0.16485828161239624,0.8351417183876038,619.0,
550,train,energy,37.70050811767578,0.07094013690948486,0.9290598630905151,47.0,
551,train,energy,34.21500015258789,0.4310420751571655,0.5689579248428345,705.0,
552,train,energy,33.984580993652344,0.24080049991607666,0.7591995000839233,17.0,
553,train,energy,40.04655075073242,0.1208726167678833,0.8791273832321167,565.0,
554,train,energy,23.46809196472168,0.2582637071609497,0.7417362928390503,221.0,
555,train,energy,37.39456558227539,0.21822446584701538,0.7817755341529846,689.0,
556,train,energy,50.20583724975586,0.09845536947250366,0.9015446305274963,32.0,
557,train,energy,37.18608093261719,0.1688362956047058,0.8311637043952942,389.0,
558,train,energy,39.95001220703125,0.07719016075134277,0.9228098392486572,44.0,
559,train,energy,42.494232177734375,0.2612251043319702,0.7387748956680298,193.0,
560,train,energy,31.972978591918945,0.09409940242767334,0.9059005975723267,480.0,
561,train,energy,37.31435012817383,0.15857046842575073,0.8414295315742493,88.0,
562,train,energy,41.24876403808594,0.15182512998580933,0.8481748700141907,589.0,
563,train,energy,38.54911804199219,0.07909035682678223,0.9209096431732178,337.0,
564,train,energy,39.72318649291992,0.16058695316314697,0.839413046836853,576.0,
565,train,energy,45.083824157714844,0.10765320062637329,0.8923467993736267,586.0,
566,train,energy,34.109134674072266,0.3305273652076721,0.6694726347923279,559.0,
567,train,energy,39.875152587890625,0.0531163215637207,0.9468836784362793,185.0,
568,train,energy,36.0737190246582,0.9999999403953552,5.960464477539063e-08,81.0,
569,train,energy,42.16073226928711,0.0858260989189148,0.9141739010810852,402.0,
570,train,energy,28.040023803710938,0.1273401379585266,0.8726598620414734,382.0,
571,train,energy,34.16638946533203,0.0900384783744812,0.9099615216255188,504.0,
572,train,energy,42.1711540222168,0.0551220178604126,0.9448779821395874,265.0,
573,train,energy,28.885393142700195,0.7341372966766357,0.26586270332336426,432.0,
574,train,energy,39.00692367553711,0.0697898268699646,0.9302101731300354,322.0,
575,train,energy,45.476802825927734,0.6361711025238037,0.3638288974761963,191.0,
576,train,energy,37.89570236206055,0.1386471390724182,0.8613528609275818,176.0,
577,train,energy,35.240028381347656,0.07077866792678833,0.9292213320732117,222.0,
578,train,energy,33.38373565673828,0.058499693870544434,0.9415003061294556,339.0,
579,train,energy,41.04923629760742,0.11937302350997925,0.8806269764900208,759.0,
580,train,energy,39.3858642578125,0.14333999156951904,0.856660008430481,523.0,
581,train,energy,37.13801956176758,0.09360557794570923,0.9063944220542908,258.0,
582,train,energy,41.5009765625,0.08026731014251709,0.9197326898574829,72.0,
583,train,energy,50.21281433105469,0.10516959428787231,0.8948304057121277,706.0,
584,train,energy,44.724239349365234,0.13474565744400024,0.8652543425559998,502.0,
585,train,energy,-3.6636383533477783,0.15453624725341797,0.845463752746582,514.0,
586,train,energy,29.326845169067383,0.04436671733856201,0.955633282661438,235.0,
587,train,energy,44.192054748535156,0.14616018533706665,0.8538398146629333,793.0,
588,train,energy,39.37309646606445,0.04380124807357788,0.9561987519264221,259.0,
589,train,energy,45.3607292175293,0.14181119203567505,0.858188807964325,733.0,
590,train,energy,35.39808654785156,0.09283620119094849,0.9071637988090515,177.0,
591,train,energy,38.63565444946289,0.07312589883804321,0.9268741011619568,231.0,
592,train,energy,40.29423141479492,0.09481054544448853,0.9051894545555115,558.0,
593,train,energy,-2.692086696624756,0.36571574211120605,0.634284257888794,55.0,
594,train,energy,45.97871017456055,0.3126516342163086,0.6873483657836914,160.0,
595,train,energy,49.42348098754883,0.11668932437896729,0.8833106756210327,794.0,
596,train,energy,54.57094192504883,0.27233898639678955,0.7276610136032104,19.0,
597,train,energy,42.79365158081055,0.045786380767822266,0.9542136192321777,666.0,
598,train,energy,39.66605758666992,0.07398641109466553,0.9260135889053345,678.0,
599,train,energy,36.629215240478516,0.20009195804595947,0.7999080419540405,110.0,
600,train,energy,32.9501838684082,0.5436580181121826,0.4563419818878174,69.0,
601,train,energy,38.73503875732422,0.15843361616134644,0.8415663838386536,89.0,
602,train,energy,30.01175880432129,0.13413876295089722,0.8658612370491028,247.0,
603,train,energy,41.91904830932617,0.08391153812408447,0.9160884618759155,94.0,
604,train,energy,32.7433967590332,0.10311728715896606,0.8968827128410339,214.0,
605,train,energy,42.439231872558594,0.11284756660461426,0.8871524333953857,234.0,
606,train,energy,44.581119537353516,0.11268192529678345,0.8873180747032166,437.0,
607,train,energy,-4.0765061378479,0.09289157390594482,0.9071084260940552,584.0,
608,train,energy,48.12373733520508,0.15081113576889038,0.8491888642311096,470.0,
609,train,energy,45.66701126098633,0.07365226745605469,0.9263477325439453,282.0,
610,train,energy,46.272552490234375,0.07821798324584961,0.9217820167541504,762.0,
611,train,energy,43.34842300415039,0.1376664638519287,0.8623335361480713,4.0,
612,train,energy,46.93633270263672,0.11808979511260986,0.8819102048873901,783.0,
613,train,energy,49.74810028076172,0.2291698455810547,0.7708301544189453,42.0,
614,train,energy,42.95606994628906,0.0729367733001709,0.9270632266998291,135.0,
615,train,energy,36.71555709838867,0.1400354504585266,0.8599645495414734,752.0,
616,train,energy,37.02322006225586,0.27720797061920166,0.7227920293807983,348.0,
617,train,energy,38.17359161376953,0.18269622325897217,0.8173037767410278,409.0,
618,train,energy,41.53242111206055,0.19644969701766968,0.8035503029823303,592.0,
619,train,energy,40.91259765625,0.03330576419830322,0.9666942358016968,482.0,
620,train,energy,39.25548553466797,0.13785052299499512,0.8621494770050049,343.0,
621,train,energy,48.986083984375,0.1433122754096985,0.8566877245903015,65.0,
622,train,energy,49.85593795776367,0.1540324091911316,0.8459675908088684,130.0,
623,train,energy,36.74474334716797,0.057076096534729004,0.942923903465271,334.0,
624,train,energy,40.51548385620117,0.05695939064025879,0.9430406093597412,401.0,
625,train,energy,43.33238983154297,0.039801716804504395,0.9601982831954956,213.0,
626,train,energy,42.77450942993164,0.24040430784225464,0.7595956921577454,162.0,
627,train,energy,39.209007263183594,0.08586084842681885,0.9141391515731812,446.0,
628,train,energy,37.1077880859375,0.06538784503936768,0.9346121549606323,652.0,
629,train,energy,33.75675582885742,0.21375495195388794,0.7862450480461121,192.0,
630,train,energy,36.81440353393555,0.11233389377593994,0.8876661062240601,293.0,
631,train,energy,39.71938705444336,0.15374863147735596,0.846251368522644,152.0,
632,train,energy,34.911651611328125,0.13237732648849487,0.8676226735115051,276.0,
633,train,energy,37.26317596435547,0.07880687713623047,0.9211931228637695,527.0,
634,train,energy,48.09096908569336,0.22613775730133057,0.7738622426986694,18.0,
635,train,energy,35.726280212402344,0.16416513919830322,0.8358348608016968,264.0,
636,train,energy,41.03245544433594,0.1648901104927063,0.8351098895072937,623.0,
637,train,energy,43.74647521972656,0.17799896001815796,0.822001039981842,441.0,
638,train,energy,26.296329498291016,0.11847037076950073,0.8815296292304993,686.0,
639,train,energy,33.61112594604492,0.6687219142913818,0.33127808570861816,456.0,
640,train,energy,37.15050506591797,0.06271183490753174,0.9372881650924683,257.0,
641,train,energy,40.37900161743164,0.0965348482131958,0.9034651517868042,553.0,
642,train,energy,35.74641036987305,0.14781159162521362,0.8521884083747864,472.0,
643,train,energy,42.253292083740234,0.12003439664840698,0.879965603351593,278.0,
644,train,energy,34.09771728515625,0.19935840368270874,0.8006415963172913,400.0,
645,train,energy,50.34215545654297,0.10428446531295776,0.8957155346870422,431.0,
646,train,energy,42.097129821777344,0.125546395778656,0.874453604221344,395.0,
647,train,energy,42.92008590698242,0.36466431617736816,0.6353356838226318,583.0,
648,train,energy,40.15578842163086,0.26927173137664795,0.730728268623352,229.0,
649,train,energy,39.88400650024414,0.05386584997177124,0.9461341500282288,34.0,
650,train,energy,51.738372802734375,0.4012419581413269,0.5987580418586731,244.0,
651,train,energy,44.748016357421875,0.41967225074768066,0.5803277492523193,440.0,
652,train,energy,43.28290939331055,0.09419947862625122,0.9058005213737488,443.0,
653,train,energy,34.068119049072266,0.10132640600204468,0.8986735939979553,611.0,
654,train,energy,39.98679733276367,0.0779426097869873,0.9220573902130127,474.0,
655,train,energy,45.934486389160156,0.36089885234832764,0.6391011476516724,604.0,
656,train,energy,45.38700866699219,0.06711536645889282,0.9328846335411072,304.0,
657,train,energy,46.50891876220703,0.04384380578994751,0.9561561942100525,182.0,
658,train,energy,39.36207962036133,0.43967366218566895,0.560326337814331,131.0,
659,train,energy,42.007728576660156,0.07405108213424683,0.9259489178657532,569.0,
660,train,energy,33.900596618652344,0.07954269647598267,0.9204573035240173,95.0,
661,train,energy,35.58323287963867,0.21512657403945923,0.7848734259605408,393.0,
662,train,energy,44.238189697265625,0.0965988039970398,0.9034011960029602,119.0,
663,train,energy,40.111122131347656,0.06290972232818604,0.937090277671814,125.0,
664,train,energy,43.75318145751953,0.04718124866485596,0.952818751335144,329.0,
665,train,energy,44.41261672973633,0.28207558393478394,0.7179244160652161,650.0,
666,train,energy,29.156269073486328,0.06017613410949707,0.9398238658905029,601.0,
667,train,energy,26.576297760009766,0.06067073345184326,0.9393292665481567,171.0,
668,train,energy,49.267852783203125,0.1333661675453186,0.8666338324546814,516.0,
669,train,energy,43.7919921875,0.40015530586242676,0.5998446941375732,272.0,
670,train,energy,37.31090545654297,0.11544066667556763,0.8845593333244324,77.0,
671,train,energy,40.526729583740234,0.07417958974838257,0.9258204102516174,695.0,
672,train,energy,45.17584228515625,0.07609736919403076,0.9239026308059692,754.0,
673,train,energy,48.16298294067383,0.11914968490600586,0.8808503150939941,448.0,
674,train,energy,41.922210693359375,0.37839508056640625,0.6216049194335938,189.0,
675,train,energy,34.60828399658203,0.08751708269119263,0.9124829173088074,139.0,
676,train,energy,44.21568298339844,0.2496013641357422,0.7503986358642578,466.0,
677,train,energy,45.73963928222656,0.4944787621498108,0.5055212378501892,361.0,
678,train,energy,44.485328674316406,0.35911619663238525,0.6408838033676147,731.0,
679,train,energy,47.57869338989258,0.12146466970443726,0.8785353302955627,209.0,
680,train,energy,50.32497787475586,0.1335160732269287,0.8664839267730713,62.0,
681,train,energy,47.46208572387695,0.14746350049972534,0.8525364995002747,157.0,
682,train,energy,37.816959381103516,0.08042985200881958,0.9195701479911804,703.0,
683,train,energy,37.63636779785156,0.04440486431121826,0.9555951356887817,660.0,
684,train,energy,42.302181243896484,0.30954617261886597,0.690453827381134,710.0,
685,train,energy,38.466190338134766,0.07036280632019043,0.9296371936798096,661.0,
686,train,energy,32.19781494140625,0.044145166873931885,0.9558548331260681,349.0,
687,train,energy,50.14790344238281,0.4260762333869934,0.5739237666130066,149.0,
688,train,energy,38.62818908691406,0.16801053285598755,0.8319894671440125,503.0,
689,train,energy,35.707801818847656,0.22038042545318604,0.779619574546814,712.0,
690,train,energy,44.52022171020508,0.04442262649536133,0.9555773735046387,740.0,
691,train,energy,50.779048919677734,0.11961120367050171,0.8803887963294983,45.0,
692,train,energy,39.82497787475586,0.6433571577072144,0.35664284229278564,744.0,
693,train,energy,48.55116271972656,0.079367995262146,0.920632004737854,421.0,
694,train,energy,41.46214294433594,0.7690906524658203,0.2309093475341797,613.0,
695,train,energy,46.709190368652344,0.07404232025146484,0.9259576797485352,368.0,
696,train,energy,52.9230842590332,0.19283872842788696,0.807161271572113,121.0,
697,train,energy,41.23975372314453,0.14670896530151367,0.8532910346984863,341.0,
698,train,energy,34.9661979675293,0.051828861236572266,0.9481711387634277,184.0,
699,train,energy,39.75802993774414,0.08305752277374268,0.9169424772262573,324.0,
700,train,energy,51.38503646850586,0.043395817279815674,0.9566041827201843,717.0,
701,train,energy,41.538326263427734,0.41196537017822266,0.5880346298217773,143.0,
702,train,energy,33.418067932128906,0.10602027177810669,0.8939797282218933,385.0,
703,train,energy,36.414466857910156,0.1035110354423523,0.8964889645576477,617.0,
704,train,energy,-2.8809096813201904,0.11167925596237183,0.8883207440376282,26.0,
705,train,energy,34.27405548095703,0.269978404045105,0.730021595954895,654.0,
706,train,energy,37.13652420043945,0.21363413333892822,0.7863658666610718,581.0,
707,train,energy,36.92494583129883,0.2065744400024414,0.7934255599975586,519.0,
708,train,energy,43.789283752441406,0.09036070108413696,0.909639298915863,181.0,
709,train,energy,38.4832878112793,0.12658274173736572,0.8734172582626343,647.0,
710,train,energy,35.91496276855469,0.07879418134689331,0.9212058186531067,520.0,
711,train,energy,48.32835006713867,0.14317482709884644,0.8568251729011536,66.0,
712,train,energy,46.762054443359375,0.28517717123031616,0.7148228287696838,291.0,
713,train,energy,43.075016021728516,0.048912107944488525,0.9510878920555115,433.0,
714,train,energy,32.73809051513672,0.10196220874786377,0.8980377912521362,746.0,
715,train,energy,41.75454330444336,0.0844610333442688,0.9155389666557312,486.0,
716,train,energy,45.16441345214844,0.13280242681503296,0.867197573184967,405.0,
717,train,energy,43.06669235229492,0.2553423047065735,0.7446576952934265,35.0,
718,train,energy,34.92823028564453,0.07477176189422607,0.9252282381057739,442.0,
719,train,energy,37.0542106628418,0.05576509237289429,0.9442349076271057,275.0,
720,train,energy,39.818016052246094,0.06684118509292603,0.933158814907074,693.0,
721,train,energy,38.920204162597656,0.06293445825576782,0.9370655417442322,417.0,
722,train,energy,33.08045959472656,0.22668945789337158,0.7733105421066284,577.0,
723,train,energy,33.50187683105469,0.10005098581314087,0.8999490141868591,159.0,
724,train,energy,36.8748779296875,0.07330042123794556,0.9266995787620544,16.0,
725,train,energy,46.130680084228516,0.06460845470428467,0.9353915452957153,425.0,
726,train,energy,40.875484466552734,0.3223288059234619,0.6776711940765381,132.0,
727,train,energy,38.712284088134766,0.10569202899932861,0.8943079710006714,412.0,
728,train,energy,36.81351089477539,0.08311939239501953,0.9168806076049805,202.0,
729,train,energy,33.907569885253906,0.09130483865737915,0.9086951613426208,588.0,
730,train,energy,37.357574462890625,0.20871293544769287,0.7912870645523071,377.0,
731,train,energy,32.73645782470703,0.13753020763397217,0.8624697923660278,178.0,
732,train,energy,24.206218719482422,0.08941864967346191,0.9105813503265381,308.0,
733,train,energy,-3.3824615478515625,0.1898372769355774,0.8101627230644226,547.0,
734,train,energy,50.137535095214844,0.1390426754951477,0.8609573245048523,631.0,
735,train,energy,42.213233947753906,0.8411369919776917,0.15886300802230835,3.0,
736,train,energy,51.6409797668457,0.1401270627975464,0.8598729372024536,626.0,
737,train,energy,38.02622604370117,0.0667458176612854,0.9332541823387146,169.0,
738,train,energy,48.43751525878906,0.10218393802642822,0.8978160619735718,718.0,
739,train,energy,41.97296905517578,0.02324378490447998,0.97675621509552,539.0,
740,train,energy,33.883174896240234,0.128681480884552,0.871318519115448,352.0,
741,train,energy,33.62766647338867,0.31228673458099365,0.6877132654190063,476.0,
742,train,energy,38.34514617919922,0.2180582880973816,0.7819417119026184,91.0,
743,train,energy,40.23085021972656,0.48601359128952026,0.5139864087104797,687.0,
744,train,energy,37.351985931396484,0.6490716934204102,0.35092830657958984,183.0,
745,train,energy,39.20967483520508,0.10826939344406128,0.8917306065559387,353.0,
746,train,energy,36.313812255859375,0.05631071329116821,0.9436892867088318,683.0,
747,train,energy,38.43950653076172,0.2738237977027893,0.7261762022972107,79.0,
748,train,energy,43.86537551879883,0.20409834384918213,0.7959016561508179,173.0,
749,train,energy,35.12937927246094,0.4288403391838074,0.5711596608161926,447.0,
750,train,energy,38.33511734008789,0.121096670627594,0.878903329372406,306.0,
751,train,energy,42.17389678955078,0.3990912437438965,0.6009087562561035,701.0,
752,train,energy,46.77968215942383,0.3076344132423401,0.6923655867576599,700.0,
753,train,energy,43.649723052978516,0.0513150691986084,0.9486849308013916,610.0,
754,train,energy,46.25205612182617,0.10584825277328491,0.8941517472267151,774.0,
755,train,energy,46.916481018066406,0.10768026113510132,0.8923197388648987,74.0,
756,train,energy,40.467838287353516,0.06772667169570923,0.9322733283042908,730.0,
757,train,energy,42.00635528564453,0.07975655794143677,0.9202434420585632,197.0,
758,train,energy,40.1569709777832,0.11567461490631104,0.884325385093689,115.0,
759,train,energy,52.270633697509766,0.09333080053329468,0.9066691994667053,517.0,
760,train,energy,44.23796844482422,0.08305203914642334,0.9169479608535767,542.0,
761,train,energy,39.27944564819336,0.22149735689163208,0.7785026431083679,390.0,
762,train,energy,54.29014587402344,0.15943443775177002,0.84056556224823,694.0,
763,train,energy,43.596378326416016,0.07453322410583496,0.925466775894165,315.0,
764,train,energy,46.14427185058594,0.0733562707901001,0.9266437292098999,727.0,
765,train,energy,49.937042236328125,0.058759987354278564,0.9412400126457214,248.0,
766,train,energy,35.783485412597656,0.05023139715194702,0.949768602848053,673.0,
767,train,energy,49.138431549072266,0.3220221996307373,0.6779778003692627,508.0,
768,train,energy,41.63111877441406,0.06508630514144897,0.934913694858551,628.0,
769,train,energy,39.084476470947266,0.2250799536705017,0.7749200463294983,27.0,
770,train,energy,35.68592071533203,0.23395568132400513,0.7660443186759949,566.0,
771,train,energy,45.412784576416016,0.12142431735992432,0.8785756826400757,787.0,
772,train,energy,47.188541412353516,0.17506498098373413,0.8249350190162659,537.0,
773,train,energy,41.806766510009766,0.0671241283416748,0.9328758716583252,629.0,
774,train,energy,43.80213165283203,0.13430237770080566,0.8656976222991943,526.0,
775,train,energy,44.93330764770508,0.130872905254364,0.869127094745636,60.0,
776,train,energy,40.58455276489258,0.03539389371871948,0.9646061062812805,685.0,
777,train,energy,40.96721649169922,0.5769208073616028,0.4230791926383972,568.0,
778,train,energy,53.82164001464844,0.06374061107635498,0.936259388923645,379.0,
779,train,energy,41.739830017089844,0.11563795804977417,0.8843620419502258,21.0,
780,train,energy,40.41126251220703,0.09174478054046631,0.9082552194595337,487.0,
781,train,energy,43.36247253417969,0.09276378154754639,0.9072362184524536,535.0,
782,train,energy,39.29059982299805,0.7969046235084534,0.20309537649154663,190.0,
783,train,energy,41.895870208740234,0.12774324417114258,0.8722567558288574,268.0,
784,train,energy,39.50320816040039,0.3204805254936218,0.6795194745063782,0.0,
785,train,energy,44.172725677490234,0.03905534744262695,0.960944652557373,630.0,
786,train,energy,35.289817810058594,0.9999979138374329,2.086162567138672e-06,156.0,
787,train,energy,43.26059341430664,0.20764732360839844,0.7923526763916016,668.0,
788,train,energy,55.13859176635742,0.19116586446762085,0.8088341355323792,7.0,
789,train,energy,45.4710693359375,0.1171388030052185,0.8828611969947815,656.0,
790,train,energy,39.48207473754883,0.09114789962768555,0.9088521003723145,745.0,
791,train,energy,36.01374053955078,0.1694362759590149,0.8305637240409851,98.0,
792,train,energy,45.50282669067383,0.043974220752716064,0.9560257792472839,530.0,
793,train,energy,42.62485122680664,0.09717249870300293,0.9028275012969971,102.0,
794,train,energy,35.499996185302734,0.9999997019767761,2.980232238769531e-07,594.0,
795,train,energy,42.2630615234375,0.06598317623138428,0.9340168237686157,691.0,
796,train,energy,49.75456237792969,0.07828271389007568,0.9217172861099243,453.0,
797,train,energy,48.22232437133789,0.15613478422164917,0.8438652157783508,649.0,
798,train,energy,33.91084289550781,0.028732001781463623,0.9712679982185364,562.0,
799,train,energy,39.50025939941406,0.06157982349395752,0.9384201765060425,148.0,
800,ind_val,energy,47.16522979736328,0.22361266613006592,0.7763873338699341,72.0,
801,ind_val,energy,48.14238739013672,0.4276081919670105,0.5723918080329895,23.0,
802,ind_val,energy,35.33366775512695,0.09237855672836304,0.907621443271637,21.0,
803,ind_val,energy,31.10601234436035,0.0942375659942627,0.9057624340057373,79.0,
804,ind_val,energy,45.37846755981445,0.06314635276794434,0.9368536472320557,42.0,
805,ind_val,energy,38.86147689819336,0.06995457410812378,0.9300454258918762,68.0,
806,ind_val,energy,50.503196716308594,0.17237120866775513,0.8276287913322449,4.0,
807,ind_val,energy,47.71670913696289,0.1899113655090332,0.8100886344909668,0.0,
808,ind_val,energy,40.681758880615234,0.11625629663467407,0.8837437033653259,96.0,
809,ind_val,energy,35.328556060791016,0.6095566749572754,0.3904433250427246,52.0,
810,ind_val,energy,48.131134033203125,0.12982028722763062,0.8701797127723694,90.0,
811,ind_val,energy,45.18470764160156,0.8116090297698975,0.18839097023010254,51.0,
812,ind_val,energy,51.05122375488281,0.1402612328529358,0.8597387671470642,36.0,
813,ind_val,energy,45.255149841308594,0.052541255950927734,0.9474587440490723,58.0,
814,ind_val,energy,48.75800704956055,0.07219409942626953,0.9278059005737305,92.0,
815,ind_val,energy,39.0649299621582,0.07599890232086182,0.9240010976791382,30.0,
816,ind_val,energy,48.5479736328125,0.07374614477157593,0.9262538552284241,73.0,
817,ind_val,energy,33.189849853515625,0.11034679412841797,0.889653205871582,45.0,
818,ind_val,energy,45.550601959228516,0.38187795877456665,0.6181220412254333,76.0,
819,ind_val,energy,42.351009368896484,0.14018642902374268,0.8598135709762573,78.0,
820,ind_val,energy,43.973106384277344,0.23536759614944458,0.7646324038505554,2.0,
821,ind_val,energy,43.022029876708984,0.18147462606430054,0.8185253739356995,54.0,
822,ind_val,energy,33.047855377197266,0.06408822536468506,0.9359117746353149,15.0,
823,ind_val,energy,52.63874053955078,0.22410088777542114,0.7758991122245789,40.0,
824,ind_val,energy,40.88380813598633,0.5892908573150635,0.4107091426849365,56.0,
825,ind_val,energy,39.58135986328125,0.15547865629196167,0.8445213437080383,83.0,
826,ind_val,energy,44.630943298339844,0.7312391400337219,0.2687608599662781,71.0,
827,ind_val,energy,49.48414993286133,0.14697521924972534,0.8530247807502747,38.0,
828,ind_val,energy,34.305721282958984,0.06845968961715698,0.931540310382843,47.0,
829,ind_val,energy,39.508121490478516,0.12419664859771729,0.8758033514022827,43.0,
830,ind_val,energy,40.46147918701172,0.25743353366851807,0.7425664663314819,75.0,
831,ind_val,energy,41.82236862182617,0.08373373746871948,0.9162662625312805,10.0,
832,ind_val,energy,33.64498519897461,0.046018004417419434,0.9539819955825806,32.0,
833,ind_val,energy,41.704978942871094,0.4315292239189148,0.5684707760810852,88.0,
834,ind_val,energy,50.40492248535156,0.12590575218200684,0.8740942478179932,44.0,
835,ind_val,energy,26.442537307739258,0.20043104887008667,0.7995689511299133,89.0,
836,ind_val,energy,37.041954040527344,0.9999470710754395,5.2928924560546875e-05,20.0,
837,ind_val,energy,38.575462341308594,0.5792886018753052,0.4207113981246948,25.0,
838,ind_val,energy,40.470436096191406,0.3770741820335388,0.6229258179664612,80.0,
839,ind_val,energy,43.73694610595703,0.6801215410232544,0.3198784589767456,74.0,
840,ind_val,energy,-2.5863404273986816,0.5950835943222046,0.4049164056777954,67.0,
841,ind_val,energy,37.73457717895508,0.09201192855834961,0.9079880714416504,11.0,
842,ind_val,energy,35.02144241333008,0.06952530145645142,0.9304746985435486,3.0,
843,ind_val,energy,45.3323974609375,0.117484450340271,0.882515549659729,48.0,
844,ind_val,energy,56.122596740722656,0.10581713914871216,0.8941828608512878,7.0,
845,ind_val,energy,43.11153030395508,0.5101563930511475,0.48984360694885254,59.0,
846,ind_val,energy,41.42790985107422,0.07143419981002808,0.9285658001899719,55.0,
847,ind_val,energy,55.72690200805664,0.5238263607025146,0.47617363929748535,64.0,
848,ind_val,energy,40.16933822631836,0.10737645626068115,0.8926235437393188,46.0,
849,ind_val,energy,35.002750396728516,0.0705028772354126,0.9294971227645874,57.0,
850,ind_val,energy,36.214412689208984,0.12095236778259277,0.8790476322174072,81.0,
851,ind_val,energy,42.282188415527344,0.10886085033416748,0.8911391496658325,85.0,
852,ind_val,energy,43.617034912109375,0.13143020868301392,0.8685697913169861,9.0,
853,ind_val,energy,43.692626953125,0.08972746133804321,0.9102725386619568,13.0,
854,ind_val,energy,36.63182830810547,0.16311371326446533,0.8368862867355347,98.0,
855,ind_val,energy,40.79916763305664,0.06758385896682739,0.9324161410331726,1.0,
856,ind_val,energy,40.75420379638672,0.08132946491241455,0.9186705350875854,28.0,
857,ind_val,energy,45.80710983276367,0.07850915193557739,0.9214908480644226,35.0,
858,ind_val,energy,50.61870193481445,0.1168561577796936,0.8831438422203064,94.0,
859,ind_val,energy,37.9759407043457,0.14840716123580933,0.8515928387641907,53.0,
860,ind_val,energy,40.94227981567383,0.13466203212738037,0.8653379678726196,84.0,
861,ind_val,energy,49.749881744384766,0.07998955249786377,0.9200104475021362,33.0,
862,ind_val,energy,35.274627685546875,0.07877922058105469,0.9212207794189453,12.0,
863,ind_val,energy,40.01252365112305,0.03185385465621948,0.9681461453437805,41.0,
864,ind_val,energy,42.259483337402344,0.12406253814697266,0.8759374618530273,95.0,
865,ind_val,energy,33.28094482421875,0.44143831729888916,0.5585616827011108,86.0,
866,ind_val,energy,41.69255065917969,0.08131569623947144,0.9186843037605286,69.0,
867,ind_val,energy,40.17000198364258,0.11384379863739014,0.8861562013626099,82.0,
868,ind_val,energy,44.10567092895508,0.1616421341896057,0.8383578658103943,26.0,
869,ind_val,energy,45.487937927246094,0.1753983497619629,0.8246016502380371,37.0,
870,ind_val,energy,47.505165100097656,0.06836718320846558,0.9316328167915344,97.0,
871,ind_val,energy,51.38425064086914,0.05067741870880127,0.9493225812911987,29.0,
872,ind_val,energy,40.179649353027344,0.12976115942001343,0.8702388405799866,62.0,
873,ind_val,energy,35.692169189453125,0.07384598255157471,0.9261540174484253,14.0,
874,ind_val,energy,37.42794418334961,0.11280351877212524,0.8871964812278748,31.0,
875,ind_val,energy,39.36185836791992,0.0879812240600586,0.9120187759399414,50.0,
876,ind_val,energy,44.86141586303711,0.9999997615814209,2.384185791015625e-07,93.0,
877,ind_val,energy,51.31127166748047,0.2662680745124817,0.7337319254875183,77.0,
878,ind_val,energy,44.448036193847656,0.03974837064743042,0.9602516293525696,99.0,
879,ind_val,energy,33.46306228637695,0.09992307424545288,0.9000769257545471,18.0,
880,ind_val,energy,36.4404182434082,0.05107104778289795,0.948928952217102,34.0,
881,ind_val,energy,44.81377029418945,0.05732846260070801,0.942671537399292,27.0,
882,ind_val,energy,50.87689971923828,0.19382965564727783,0.8061703443527222,60.0,
883,ind_val,energy,44.968143463134766,0.06773364543914795,0.932266354560852,91.0,
884,ind_val,energy,56.306396484375,0.5585345029830933,0.44146549701690674,22.0,
885,ind_val,energy,45.376338958740234,0.1372215747833252,0.8627784252166748,5.0,
886,ind_val,energy,-1.6895506381988525,0.3506791591644287,0.6493208408355713,39.0,
887,ind_val,energy,39.63471984863281,0.08861047029495239,0.9113895297050476,66.0,
888,ind_val,energy,28.727680206298828,0.05210411548614502,0.947895884513855,63.0,
889,ind_val,energy,35.64854431152344,0.04380989074707031,0.9561901092529297,61.0,
890,ind_val,energy,33.250709533691406,0.06672549247741699,0.933274507522583,17.0,
891,ind_val,energy,34.20041275024414,0.08334404230117798,0.916655957698822,49.0,
892,ind_val,energy,39.19007110595703,0.16280806064605713,0.8371919393539429,8.0,
893,ind_val,energy,45.082054138183594,0.04270744323730469,0.9572925567626953,19.0,
894,ind_val,energy,40.18935775756836,0.07972961664199829,0.9202703833580017,70.0,
895,ind_val,energy,36.965736389160156,0.07226067781448364,0.9277393221855164,87.0,
896,ind_test,energy,31.30377769470215,0.39390283823013306,0.6060971617698669,31.0,
897,ind_test,energy,48.14209747314453,0.08423441648483276,0.9157655835151672,37.0,
898,ind_test,energy,40.72903823852539,0.7801598906517029,0.21984010934829712,49.0,
899,ind_test,energy,39.56988525390625,0.06023889780044556,0.9397611021995544,66.0,
900,ind_test,energy,27.70608139038086,0.17141586542129517,0.8285841345787048,23.0,
901,ind_test,energy,35.15780258178711,0.16741573810577393,0.8325842618942261,17.0,
902,ind_test,energy,40.43534851074219,0.0991511344909668,0.9008488655090332,4.0,
903,ind_test,energy,49.62757110595703,0.45670372247695923,0.5432962775230408,12.0,
904,ind_test,energy,46.99303436279297,0.051127851009368896,0.9488721489906311,50.0,
905,ind_test,energy,33.62492370605469,0.18783748149871826,0.8121625185012817,79.0,
906,ind_test,energy,41.98628234863281,0.16495686769485474,0.8350431323051453,47.0,
907,ind_test,energy,38.181949615478516,0.11294609308242798,0.887053906917572,38.0,
908,ind_test,energy,32.678531646728516,0.09790098667144775,0.9020990133285522,29.0,
909,ind_test,energy,35.32539749145508,0.3077594041824341,0.6922405958175659,46.0,
910,ind_test,energy,32.80225372314453,0.07521075010299683,0.9247892498970032,35.0,
911,ind_test,energy,50.190895080566406,0.19948846101760864,0.8005115389823914,18.0,
912,ind_test,energy,39.148677825927734,0.1019601821899414,0.8980398178100586,53.0,
913,ind_test,energy,37.05684280395508,0.09991270303726196,0.900087296962738,48.0,
914,ind_test,energy,-3.567573308944702,0.08968871831893921,0.9103112816810608,28.0,
915,ind_test,energy,30.054426193237305,0.09872287511825562,0.9012771248817444,20.0,
916,ind_test,energy,46.7120475769043,0.11605274677276611,0.8839472532272339,0.0,
917,ind_test,energy,39.19303512573242,0.11293387413024902,0.887066125869751,89.0,
918,ind_test,energy,46.03152847290039,0.41942769289016724,0.5805723071098328,85.0,
919,ind_test,energy,36.4609375,0.8120790719985962,0.1879209280014038,96.0,
920,ind_test,energy,39.40395736694336,0.06341898441314697,0.936581015586853,2.0,
921,ind_test,energy,45.16159439086914,0.08046329021453857,0.9195367097854614,99.0,
922,ind_test,energy,54.592262268066406,0.12079524993896484,0.8792047500610352,86.0,
923,ind_test,energy,27.470111846923828,0.11542534828186035,0.8845746517181396,64.0,
924,ind_test,energy,42.299171447753906,0.28715968132019043,0.7128403186798096,42.0,
925,ind_test,energy,39.884239196777344,0.07838338613510132,0.9216166138648987,9.0,
926,ind_test,energy,-3.8224310874938965,0.32698601484298706,0.6730139851570129,93.0,
927,ind_test,energy,39.75734329223633,0.12230539321899414,0.8776946067810059,14.0,
928,ind_test,energy,38.71817398071289,0.06358468532562256,0.9364153146743774,90.0,
929,ind_test,energy,40.8300666809082,0.6476211547851562,0.35237884521484375,77.0,
930,ind_test,energy,44.944297790527344,0.465177059173584,0.534822940826416,75.0,
931,ind_test,energy,41.83720397949219,0.08450454473495483,0.9154954552650452,71.0,
932,ind_test,energy,39.89120101928711,0.862663209438324,0.13733679056167603,32.0,
933,ind_test,energy,30.804458618164062,0.4954787492752075,0.5045212507247925,95.0,
934,ind_test,energy,37.223182678222656,0.09221071004867554,0.9077892899513245,7.0,
935,ind_test,energy,36.46295928955078,0.6207043528556824,0.3792956471443176,11.0,
936,ind_test,energy,49.848018646240234,0.6546041369438171,0.34539586305618286,43.0,
937,ind_test,energy,39.283042907714844,0.8854959011077881,0.11450409889221191,98.0,
938,ind_test,energy,38.73809051513672,0.06363588571548462,0.9363641142845154,6.0,
939,ind_test,energy,49.897621154785156,0.07519930601119995,0.9248006939888,81.0,
940,ind_test,energy,36.49016571044922,0.19208461046218872,0.8079153895378113,94.0,
941,ind_test,energy,37.23228073120117,0.22432941198349,0.77567058801651,65.0,
942,ind_test,energy,41.44499588012695,0.14170706272125244,0.8582929372787476,82.0,
943,ind_test,energy,42.64332962036133,0.18175870180130005,0.8182412981987,83.0,
944,ind_test,energy,49.01734924316406,0.08759880065917969,0.9124011993408203,1.0,
945,ind_test,energy,42.13473892211914,0.07557868957519531,0.9244213104248047,13.0,
946,ind_test,energy,46.059688568115234,0.08994531631469727,0.9100546836853027,57.0,
947,ind_test,energy,40.93482208251953,0.33331137895584106,0.6666886210441589,34.0,
948,ind_test,energy,24.096172332763672,0.15808188915252686,0.8419181108474731,84.0,
949,ind_test,energy,42.1279296875,0.14436453580856323,0.8556354641914368,22.0,
950,ind_test,energy,41.513511657714844,0.22742784023284912,0.7725721597671509,97.0,
951,ind_test,energy,45.00735855102539,0.06751805543899536,0.9324819445610046,44.0,
952,ind_test,energy,28.264904022216797,0.9999995231628418,4.76837158203125e-07,52.0,
953,ind_test,energy,40.40578079223633,0.4316598176956177,0.5683401823043823,55.0,
954,ind_test,energy,33.206932067871094,0.2849833369255066,0.7150166630744934,21.0,
955,ind_test,energy,35.28156661987305,0.05808568000793457,0.9419143199920654,54.0,
956,ind_test,energy,43.81073760986328,0.07769006490707397,0.922309935092926,39.0,
957,ind_test,energy,35.92277145385742,0.21958279609680176,0.7804172039031982,78.0,
958,ind_test,energy,49.65711212158203,0.08554404973983765,0.9144559502601624,68.0,
959,ind_test,energy,43.58854293823242,0.07037246227264404,0.929627537727356,41.0,
960,ind_test,energy,44.24943161010742,0.08169853687286377,0.9183014631271362,59.0,
961,ind_test,energy,51.345703125,0.11849182844161987,0.8815081715583801,25.0,
962,ind_test,energy,37.87187957763672,0.12317734956741333,0.8768226504325867,76.0,
963,ind_test,energy,36.274864196777344,0.06280970573425293,0.9371902942657471,45.0,
964,ind_test,energy,43.907100677490234,0.06238508224487305,0.937614917755127,30.0,
965,ind_test,energy,36.980316162109375,0.3709844946861267,0.6290155053138733,19.0,
966,ind_test,energy,47.4093132019043,0.1303473711013794,0.8696526288986206,62.0,
967,ind_test,energy,38.452911376953125,0.0896599292755127,0.9103400707244873,5.0,
968,ind_test,energy,38.125648498535156,0.046757400035858154,0.9532425999641418,67.0,
969,ind_test,energy,30.15432357788086,0.05970031023025513,0.9402996897697449,63.0,
970,ind_test,energy,46.05424499511719,0.07861983776092529,0.9213801622390747,69.0,
971,ind_test,energy,42.512142181396484,0.037185490131378174,0.9628145098686218,3.0,
972,ind_test,energy,36.819435119628906,0.07163399457931519,0.9283660054206848,16.0,
973,ind_test,energy,36.88258743286133,0.05173426866531372,0.9482657313346863,58.0,
974,ind_test,energy,40.148406982421875,0.12016379833221436,0.8798362016677856,80.0,
975,ind_test,energy,43.0100212097168,0.036064863204956055,0.963935136795044,33.0,
976,ind_test,energy,45.4912109375,0.2066258192062378,0.7933741807937622,87.0,
977,ind_test,energy,42.116424560546875,0.8863211274147034,0.11367887258529663,56.0,
978,ind_test,energy,40.87455749511719,0.15279638767242432,0.8472036123275757,51.0,
979,ind_test,energy,55.93819808959961,0.1263951063156128,0.8736048936843872,24.0,
980,ind_test,energy,49.219295501708984,0.9999992847442627,7.152557373046875e-07,10.0,
981,ind_test,energy,40.087032318115234,0.2922322154045105,0.7077677845954895,26.0,
982,ind_test,energy,51.843101501464844,0.7405097484588623,0.2594902515411377,36.0,
983,ind_test,energy,54.09650421142578,0.2121795415878296,0.7878204584121704,60.0,
984,ind_test,energy,34.061737060546875,0.405983567237854,0.594016432762146,8.0,
985,ind_test,energy,42.73735809326172,0.1392585039138794,0.8607414960861206,61.0,
986,ind_test,energy,35.63295364379883,0.7085132002830505,0.29148679971694946,92.0,
987,ind_test,energy,41.01356887817383,0.23075026273727417,0.7692497372627258,73.0,
988,ind_test,energy,32.485130310058594,0.05870407819747925,0.9412959218025208,15.0,
989,ind_test,energy,38.43920135498047,0.05267876386642456,0.9473212361335754,27.0,
990,ind_test,energy,46.70541000366211,0.495880663394928,0.504119336605072,74.0,
991,ind_test,energy,46.46254348754883,0.1296977996826172,0.8703022003173828,70.0,
992,EtisLaribDB,energy,-3.29433012008667,0.31399261951446533,0.6860073804855347,125.0,
993,EtisLaribDB,energy,23.687719345092773,0.9999974370002747,2.562999725341797e-06,33.0,
994,EtisLaribDB,energy,32.93092727661133,0.21524649858474731,0.7847535014152527,161.0,
995,EtisLaribDB,energy,36.35532760620117,0.9999999403953552,5.960464477539063e-08,68.0,
996,EtisLaribDB,energy,34.827484130859375,0.807208240032196,0.19279175996780396,13.0,
997,EtisLaribDB,energy,1.62099027633667,0.3954712152481079,0.6045287847518921,106.0,
998,EtisLaribDB,energy,30.438405990600586,0.9999995231628418,4.76837158203125e-07,187.0,
999,EtisLaribDB,energy,26.164175033569336,0.9999993443489075,6.556510925292969e-07,45.0,
1000,EtisLaribDB,energy,23.544273376464844,0.18484526872634888,0.8151547312736511,179.0,
1001,EtisLaribDB,energy,43.527122497558594,0.9999982118606567,1.7881393432617188e-06,151.0,
1002,EtisLaribDB,energy,23.771221160888672,0.9999995827674866,4.172325134277344e-07,188.0,
1003,EtisLaribDB,energy,34.95277404785156,0.07730269432067871,0.9226973056793213,123.0,
1004,EtisLaribDB,energy,55.520423889160156,0.9999984502792358,1.5497207641601562e-06,191.0,
1005,EtisLaribDB,energy,34.35325622558594,0.7192118763923645,0.2807881236076355,130.0,
1006,EtisLaribDB,energy,-3.1628241539001465,0.9999998807907104,1.1920928955078125e-07,79.0,
1007,EtisLaribDB,energy,37.00743103027344,0.4263797402381897,0.5736202597618103,178.0,
1008,EtisLaribDB,energy,18.519763946533203,0.056376099586486816,0.9436239004135132,65.0,
1009,EtisLaribDB,energy,-3.761587619781494,0.08080708980560303,0.919192910194397,124.0,
1010,EtisLaribDB,energy,38.66508102416992,0.35939908027648926,0.6406009197235107,93.0,
1011,EtisLaribDB,energy,31.530839920043945,0.11935687065124512,0.8806431293487549,175.0,
1012,EtisLaribDB,energy,25.37588882446289,0.9999947547912598,5.245208740234375e-06,177.0,
1013,EtisLaribDB,energy,45.93745422363281,0.9999968409538269,3.159046173095703e-06,142.0,
1014,EtisLaribDB,energy,-3.0846314430236816,1.0,0.0,73.0,
1015,EtisLaribDB,energy,-2.7972512245178223,0.999999463558197,5.364418029785156e-07,100.0,
1016,EtisLaribDB,energy,31.14984130859375,0.9999985694885254,1.430511474609375e-06,29.0,
1017,EtisLaribDB,energy,42.30105209350586,0.9999988675117493,1.1324882507324219e-06,145.0,
1018,EtisLaribDB,energy,32.78121566772461,0.6226616501808167,0.37733834981918335,163.0,
1019,EtisLaribDB,energy,-3.5463292598724365,0.1971251368522644,0.8028748631477356,40.0,
1020,EtisLaribDB,energy,11.623104095458984,0.5757194757461548,0.4242805242538452,86.0,
1021,EtisLaribDB,energy,36.5892333984375,0.9999141693115234,8.58306884765625e-05,89.0,
1022,EtisLaribDB,energy,32.308292388916016,0.9999995827674866,4.172325134277344e-07,8.0,
1023,EtisLaribDB,energy,-3.5543580055236816,0.11485153436660767,0.8851484656333923,67.0,
1024,EtisLaribDB,energy,25.565645217895508,0.40877777338027954,0.5912222266197205,104.0,
1025,EtisLaribDB,energy,-2.9820022583007812,0.9999327659606934,6.723403930664062e-05,88.0,
1026,EtisLaribDB,energy,-3.664642810821533,0.9999994039535522,5.960464477539062e-07,12.0,
1027,EtisLaribDB,energy,35.582496643066406,0.12367075681686401,0.876329243183136,172.0,
1028,EtisLaribDB,energy,-3.302135944366455,0.1597524881362915,0.8402475118637085,109.0,
1029,EtisLaribDB,energy,27.95075798034668,0.9999984502792358,1.5497207641601562e-06,25.0,
1030,EtisLaribDB,energy,19.67481231689453,0.08320116996765137,0.9167988300323486,83.0,
1031,EtisLaribDB,energy,1.4499897956848145,0.9999997019767761,2.980232238769531e-07,78.0,
1032,EtisLaribDB,energy,-2.921441078186035,1.0,0.0,77.0,
1033,EtisLaribDB,energy,33.17454147338867,1.0,0.0,22.0,
1034,EtisLaribDB,energy,35.45668029785156,0.45415055751800537,0.5458494424819946,181.0,
1035,EtisLaribDB,energy,13.480596542358398,0.48332738876342773,0.5166726112365723,36.0,
1036,EtisLaribDB,energy,-2.4018750190734863,0.30528724193573,0.69471275806427,97.0,
1037,EtisLaribDB,energy,28.757837295532227,0.1464480757713318,0.8535519242286682,133.0,
1038,EtisLaribDB,energy,29.597686767578125,0.9999986886978149,1.3113021850585938e-06,26.0,
1039,EtisLaribDB,energy,-3.126829147338867,0.42950981855392456,0.5704901814460754,54.0,
1040,EtisLaribDB,energy,-2.3028478622436523,0.9999995827674866,4.172325134277344e-07,76.0,
1041,EtisLaribDB,energy,16.998027801513672,0.9999959468841553,4.0531158447265625e-06,147.0,
1042,EtisLaribDB,energy,12.022228240966797,0.055255889892578125,0.9447441101074219,116.0,
1043,EtisLaribDB,energy,33.039337158203125,0.6893681287765503,0.3106318712234497,128.0,
1044,EtisLaribDB,energy,7.877365589141846,0.9999988675117493,1.1324882507324219e-06,47.0,
1045,EtisLaribDB,energy,-2.840555191040039,0.11246317625045776,0.8875368237495422,81.0,
1046,EtisLaribDB,energy,18.451642990112305,0.5594600439071655,0.4405399560928345,119.0,
1047,EtisLaribDB,energy,31.882509231567383,0.9999995827674866,4.172325134277344e-07,7.0,
1048,EtisLaribDB,energy,-3.3555221557617188,0.1728609800338745,0.8271390199661255,41.0,
1049,EtisLaribDB,energy,7.173008918762207,0.950713038444519,0.04928696155548096,184.0,
1050,EtisLaribDB,energy,5.553853511810303,0.9993283748626709,0.0006716251373291016,180.0,
1051,EtisLaribDB,energy,25.92194366455078,0.2048230767250061,0.7951769232749939,132.0,
1052,EtisLaribDB,energy,32.221038818359375,0.9999995231628418,4.76837158203125e-07,101.0,
1053,EtisLaribDB,energy,-2.384465217590332,0.41090482473373413,0.5890951752662659,108.0,
1054,EtisLaribDB,energy,36.81996154785156,0.24636369943618774,0.7536363005638123,129.0,
1055,EtisLaribDB,energy,-2.2363784313201904,0.9999991059303284,8.940696716308594e-07,42.0,
1056,EtisLaribDB,energy,48.19529342651367,0.999996542930603,3.4570693969726562e-06,150.0,
1057,EtisLaribDB,energy,36.459632873535156,0.9999996423721313,3.5762786865234375e-07,35.0,
1058,EtisLaribDB,energy,34.544132232666016,0.14520210027694702,0.854797899723053,162.0,
1059,EtisLaribDB,energy,-3.532113790512085,0.9999980926513672,1.9073486328125e-06,168.0,
1060,EtisLaribDB,energy,-1.1490767002105713,0.7999709248542786,0.20002907514572144,90.0,
1061,EtisLaribDB,energy,48.050071716308594,0.9999995827674866,4.172325134277344e-07,10.0,
1062,EtisLaribDB,energy,5.444507122039795,0.09329783916473389,0.9067021608352661,49.0,
1063,EtisLaribDB,energy,30.13890266418457,0.9999993443489075,6.556510925292969e-07,46.0,
1064,EtisLaribDB,energy,-2.6942532062530518,0.14505428075790405,0.854945719242096,51.0,
1065,EtisLaribDB,energy,-2.971339702606201,0.7047454118728638,0.29525458812713623,152.0,
1066,EtisLaribDB,energy,41.34903335571289,0.2703370451927185,0.7296629548072815,39.0,
1067,EtisLaribDB,energy,13.568514823913574,0.7276690006256104,0.27233099937438965,126.0,
1068,EtisLaribDB,energy,34.20793914794922,0.9999998211860657,1.7881393432617188e-07,52.0,
1069,EtisLaribDB,energy,-2.6251718997955322,0.9999962449073792,3.7550926208496094e-06,34.0,
1070,EtisLaribDB,energy,27.001455307006836,0.9999982118606567,1.7881393432617188e-06,166.0,
1071,EtisLaribDB,energy,-3.03037428855896,0.25818467140197754,0.7418153285980225,174.0,
1072,EtisLaribDB,energy,28.720890045166016,0.8660340309143066,0.13396596908569336,140.0,
1073,EtisLaribDB,energy,34.04938888549805,0.9999988675117493,1.1324882507324219e-06,44.0,
1074,EtisLaribDB,energy,-3.1242260932922363,0.9358794689178467,0.06412053108215332,96.0,
1075,EtisLaribDB,energy,24.37983512878418,0.9999997615814209,2.384185791015625e-07,153.0,
1076,EtisLaribDB,energy,26.549949645996094,0.32437562942504883,0.6756243705749512,165.0,
1077,EtisLaribDB,energy,31.980459213256836,0.18458861112594604,0.815411388874054,50.0,
1078,EtisLaribDB,energy,21.74411392211914,0.9999995827674866,4.172325134277344e-07,75.0,
1079,EtisLaribDB,energy,34.26191711425781,0.9999991059303284,8.940696716308594e-07,193.0,
1080,EtisLaribDB,energy,35.248558044433594,0.5803049802780151,0.41969501972198486,154.0,
1081,EtisLaribDB,energy,38.72713851928711,0.9999946355819702,5.364418029785156e-06,149.0,
1082,EtisLaribDB,energy,33.88261795043945,0.9999985098838806,1.4901161193847656e-06,190.0,
1083,EtisLaribDB,energy,30.24484634399414,0.9894120693206787,0.010587930679321289,60.0,
1084,EtisLaribDB,energy,36.014129638671875,0.12922412157058716,0.8707758784294128,84.0,
1085,EtisLaribDB,energy,23.389545440673828,0.9936932325363159,0.006306767463684082,127.0,
1086,EtisLaribDB,energy,35.221797943115234,0.11141407489776611,0.8885859251022339,48.0,
1087,EtisLaribDB,energy,41.106929779052734,0.9999995827674866,4.172325134277344e-07,4.0,
1088,EtisLaribDB,energy,-3.3753864765167236,0.9999995231628418,4.76837158203125e-07,103.0,
1089,EtisLaribDB,energy,-2.441598653793335,0.9999999403953552,5.960464477539063e-08,169.0,
1090,EtisLaribDB,energy,23.18601417541504,0.9999994039535522,5.960464477539062e-07,99.0,
1091,EtisLaribDB,energy,26.692304611206055,0.9999993443489075,6.556510925292969e-07,56.0,
1092,EtisLaribDB,energy,25.44280433654785,0.05842149257659912,0.9415785074234009,113.0,
1093,EtisLaribDB,energy,-3.5622849464416504,0.07782971858978271,0.9221702814102173,64.0,
1094,EtisLaribDB,energy,-3.6184985637664795,0.21487176418304443,0.7851282358169556,111.0,
1095,EtisLaribDB,energy,24.066558837890625,0.1479852795600891,0.8520147204399109,85.0,
1096,EtisLaribDB,energy,31.98593521118164,0.7524940967559814,0.24750590324401855,160.0,
1097,EtisLaribDB,energy,-3.349010467529297,0.44407588243484497,0.555924117565155,107.0,
1098,EtisLaribDB,energy,-2.2083146572113037,0.9999991059303284,8.940696716308594e-07,164.0,
1099,EtisLaribDB,energy,28.298294067382812,0.9999998807907104,1.1920928955078125e-07,3.0,
1100,EtisLaribDB,energy,33.10945510864258,0.39095526933670044,0.6090447306632996,87.0,
1101,EtisLaribDB,energy,34.63545227050781,0.9999671578407288,3.2842159271240234e-05,14.0,
1102,EtisLaribDB,energy,23.737964630126953,0.9999987483024597,1.2516975402832031e-06,30.0,
1103,EtisLaribDB,energy,43.00318908691406,0.9999958872795105,4.112720489501953e-06,138.0,
1104,EtisLaribDB,energy,-2.446723461151123,0.03913635015487671,0.9608636498451233,63.0,
1105,EtisLaribDB,energy,33.69252014160156,0.9999626278877258,3.737211227416992e-05,143.0,
1106,EtisLaribDB,energy,-3.3604941368103027,0.9999998807907104,1.1920928955078125e-07,131.0,
1107,EtisLaribDB,energy,37.64451599121094,0.09685367345809937,0.9031463265419006,80.0,
1108,EtisLaribDB,energy,37.10054397583008,0.9999995827674866,4.172325134277344e-07,9.0,
1109,EtisLaribDB,energy,-2.9921889305114746,0.8733848929405212,0.12661510705947876,189.0,
1110,EtisLaribDB,energy,-4.268208026885986,1.0,0.0,23.0,
1111,EtisLaribDB,energy,-3.0627453327178955,0.9999998807907104,1.1920928955078125e-07,0.0,
1112,EtisLaribDB,energy,28.620956420898438,0.9368378520011902,0.06316214799880981,92.0,
1113,EtisLaribDB,energy,36.808101654052734,0.9999995231628418,4.76837158203125e-07,53.0,
1114,EtisLaribDB,energy,31.6549015045166,0.33560413122177124,0.6643958687782288,32.0,
1115,EtisLaribDB,energy,27.039186477661133,0.9999997019767761,2.980232238769531e-07,6.0,
1116,EtisLaribDB,energy,21.333995819091797,0.05782294273376465,0.9421770572662354,114.0,
1117,EtisLaribDB,energy,-2.5317740440368652,0.9943009614944458,0.005699038505554199,192.0,
1118,EtisLaribDB,energy,39.180686950683594,0.9999992251396179,7.748603820800781e-07,18.0,
1119,EtisLaribDB,energy,5.553853511810303,0.2262672781944275,0.7737327218055725,20.0,
1120,EtisLaribDB,energy,32.581295013427734,0.1337205171585083,0.8662794828414917,159.0,
1121,EtisLaribDB,energy,-3.8842666149139404,0.9999996423721313,3.5762786865234375e-07,11.0,
1122,EtisLaribDB,energy,-3.4058470726013184,0.87908935546875,0.12091064453125,185.0,
1123,EtisLaribDB,energy,-3.543149948120117,0.10495495796203613,0.8950450420379639,62.0,
1124,EtisLaribDB,energy,32.12238693237305,0.9999996423721313,3.5762786865234375e-07,2.0,
1125,EtisLaribDB,energy,18.683570861816406,0.7316915988922119,0.2683084011077881,95.0,
1126,EtisLaribDB,energy,20.610136032104492,0.9999998807907104,1.1920928955078125e-07,183.0,
1127,EtisLaribDB,energy,-3.284539222717285,0.9999996423721313,3.5762786865234375e-07,148.0,
1128,EtisLaribDB,energy,-3.570401430130005,0.9999980330467224,1.9669532775878906e-06,28.0,
1129,EtisLaribDB,energy,-2.3792977333068848,0.9999995827674866,4.172325134277344e-07,182.0,
1130,EtisLaribDB,energy,-3.4495303630828857,1.0,0.0,71.0,
1131,EtisLaribDB,energy,42.1142463684082,0.999995231628418,4.76837158203125e-06,146.0,
1132,EtisLaribDB,energy,30.85672950744629,0.4641077518463135,0.5358922481536865,38.0,
1133,EtisLaribDB,energy,24.54488754272461,0.9999998807907104,1.1920928955078125e-07,155.0,
1134,EtisLaribDB,energy,28.065486907958984,0.286556601524353,0.713443398475647,171.0,
1135,EtisLaribDB,energy,-3.0903573036193848,0.9997755289077759,0.0002244710922241211,19.0,
1136,EtisLaribDB,energy,-3.529794216156006,0.9999992251396179,7.748603820800781e-07,43.0,
1137,EtisLaribDB,energy,42.90590286254883,0.9999987483024597,1.2516975402832031e-06,31.0,
1138,EtisLaribDB,energy,-2.3059723377227783,0.9999993443489075,6.556510925292969e-07,17.0,
1139,EtisLaribDB,energy,-3.418283700942993,0.9999977946281433,2.205371856689453e-06,91.0,
1140,EtisLaribDB,energy,-3.9980554580688477,0.9999999403953552,5.960464477539063e-08,5.0,
1141,EtisLaribDB,energy,43.08195877075195,0.4045493006706238,0.5954506993293762,105.0,
1142,EtisLaribDB,energy,-3.3227338790893555,0.9999999403953552,5.960464477539063e-08,1.0,
1143,EtisLaribDB,energy,-3.6450870037078857,0.9999968409538269,3.159046173095703e-06,15.0,
1144,EtisLaribDB,energy,37.1445426940918,0.9999982714653015,1.7285346984863281e-06,24.0,
1145,EtisLaribDB,energy,3.0165791511535645,0.9999975562095642,2.4437904357910156e-06,194.0,
1146,EtisLaribDB,energy,-2.880283832550049,0.9999980926513672,1.9073486328125e-06,59.0,
1147,EtisLaribDB,energy,-3.403693199157715,0.9999759197235107,2.4080276489257812e-05,144.0,
1148,EtisLaribDB,energy,20.08955192565918,0.999999463558197,5.364418029785156e-07,16.0,
1149,EtisLaribDB,energy,35.03294372558594,0.9999993443489075,6.556510925292969e-07,57.0,
1150,EtisLaribDB,energy,39.145694732666016,1.0,0.0,72.0,
1151,EtisLaribDB,energy,-2.683204174041748,0.39665377140045166,0.6033462285995483,120.0,
1152,EtisLaribDB,energy,28.528030395507812,0.28516077995300293,0.7148392200469971,186.0,
1153,EtisLaribDB,energy,-2.436997413635254,0.9999995231628418,4.76837158203125e-07,134.0,
1154,EtisLaribDB,energy,-3.1836225986480713,0.21870481967926025,0.7812951803207397,118.0,
1155,EtisLaribDB,energy,28.086849212646484,0.9893013834953308,0.01069861650466919,58.0,
1156,EtisLaribDB,energy,28.086849212646484,0.9547146558761597,0.04528534412384033,157.0,
1157,EtisLaribDB,energy,40.08646774291992,0.07182765007019043,0.9281723499298096,66.0,
1158,EtisLaribDB,energy,5.177041530609131,0.12359839677810669,0.8764016032218933,135.0,
1159,EtisLaribDB,energy,-3.4073283672332764,0.0753716230392456,0.9246283769607544,115.0,
1160,EtisLaribDB,energy,29.733200073242188,0.05962026119232178,0.9403797388076782,170.0,
1161,EtisLaribDB,energy,-3.3987278938293457,0.6579403877258301,0.3420596122741699,176.0,
1162,EtisLaribDB,energy,18.451642990112305,0.9999861121177673,1.3887882232666016e-05,139.0,
1163,EtisLaribDB,energy,-2.3515257835388184,0.15827804803848267,0.8417219519615173,82.0,
1164,EtisLaribDB,energy,35.91835403442383,0.9999999403953552,5.960464477539063e-08,70.0,
1165,EtisLaribDB,energy,31.056808471679688,0.9999974370002747,2.562999725341797e-06,173.0,
1166,EtisLaribDB,energy,-3.3470873832702637,0.37578821182250977,0.6242117881774902,110.0,
1167,EtisLaribDB,energy,35.278934478759766,0.9999999403953552,5.960464477539063e-08,27.0,
1168,EtisLaribDB,energy,-2.1296370029449463,0.9999997615814209,2.384185791015625e-07,122.0,
1169,EtisLaribDB,energy,-2.3485732078552246,0.11587655544281006,0.8841234445571899,136.0,
1170,EtisLaribDB,energy,34.411808013916016,0.9999993443489075,6.556510925292969e-07,167.0,
1171,EtisLaribDB,energy,41.931392669677734,0.9999777674674988,2.2232532501220703e-05,37.0,
1172,EtisLaribDB,energy,23.321163177490234,0.9155852794647217,0.08441472053527832,121.0,
1173,EtisLaribDB,energy,-3.738177537918091,0.053820252418518066,0.9461797475814819,112.0,
1174,EtisLaribDB,energy,42.158546447753906,0.15174150466918945,0.8482584953308105,158.0,
1175,EtisLaribDB,energy,28.76578712463379,0.9998037815093994,0.00019621849060058594,21.0,
1176,EtisLaribDB,energy,-3.706394672393799,0.046300649642944336,0.9536993503570557,117.0,
1177,EtisLaribDB,energy,37.046630859375,0.9927905201911926,0.007209479808807373,61.0,
1178,EtisLaribDB,energy,34.911048889160156,0.9996485114097595,0.0003514885902404785,141.0,
1179,EtisLaribDB,energy,-3.5326852798461914,1.0,0.0,69.0,
1180,EtisLaribDB,energy,32.81744384765625,0.2908656597137451,0.7091343402862549,74.0,
1181,EtisLaribDB,energy,-3.4574573040008545,0.9999992251396179,7.748603820800781e-07,137.0,
1182,EtisLaribDB,energy,-3.223557472229004,1.0,0.0,195.0,
1183,EtisLaribDB,energy,-1.6136105060577393,0.9999996423721313,3.5762786865234375e-07,156.0,
1184,CVC-ClinicDB,energy,43.021915435791016,0.9630452990531921,0.03695470094680786,202.0,
1185,CVC-ClinicDB,energy,32.829498291015625,0.1348164677619934,0.8651835322380066,392.0,
1186,CVC-ClinicDB,energy,44.65233612060547,0.1772017478942871,0.8227982521057129,514.0,
1187,CVC-ClinicDB,energy,40.63058090209961,0.18740886449813843,0.8125911355018616,110.0,
1188,CVC-ClinicDB,energy,34.16713333129883,0.9999997019767761,2.980232238769531e-07,51.0,
1189,CVC-ClinicDB,energy,43.03631591796875,0.12435203790664673,0.8756479620933533,63.0,
1190,CVC-ClinicDB,energy,39.317039489746094,0.13546550273895264,0.8645344972610474,338.0,
1191,CVC-ClinicDB,energy,32.355186462402344,0.8971635103225708,0.1028364896774292,535.0,
1192,CVC-ClinicDB,energy,35.42177200317383,0.30391091108322144,0.6960890889167786,596.0,
1193,CVC-ClinicDB,energy,23.696531295776367,0.13306158781051636,0.8669384121894836,156.0,
1194,CVC-ClinicDB,energy,30.757431030273438,0.9999994039535522,5.960464477539062e-07,467.0,
1195,CVC-ClinicDB,energy,32.552913665771484,0.12204432487487793,0.8779556751251221,221.0,
1196,CVC-ClinicDB,energy,37.0507698059082,0.9999993443489075,6.556510925292969e-07,207.0,
1197,CVC-ClinicDB,energy,36.70071029663086,0.1695752739906311,0.8304247260093689,367.0,
1198,CVC-ClinicDB,energy,38.895355224609375,0.0975654125213623,0.9024345874786377,333.0,
1199,CVC-ClinicDB,energy,38.30614471435547,0.08226299285888672,0.9177370071411133,340.0,
1200,CVC-ClinicDB,energy,31.684959411621094,0.15356308221817017,0.8464369177818298,430.0,
1201,CVC-ClinicDB,energy,34.291500091552734,0.3680972456932068,0.6319027543067932,239.0,
1202,CVC-ClinicDB,energy,39.73943328857422,0.2100244164466858,0.7899755835533142,213.0,
1203,CVC-ClinicDB,energy,-3.0191314220428467,0.13244527578353882,0.8675547242164612,299.0,
1204,CVC-ClinicDB,energy,-3.9797863960266113,0.9964183568954468,0.0035816431045532227,355.0,
1205,CVC-ClinicDB,energy,33.34922409057617,0.3116523027420044,0.6883476972579956,6.0,
1206,CVC-ClinicDB,energy,39.82770919799805,0.9999991655349731,8.344650268554688e-07,311.0,
1207,CVC-ClinicDB,energy,35.3304328918457,0.5385293364524841,0.46147066354751587,510.0,
1208,CVC-ClinicDB,energy,29.058216094970703,0.11205053329467773,0.8879494667053223,405.0,
1209,CVC-ClinicDB,energy,41.28627395629883,0.9999995231628418,4.76837158203125e-07,298.0,
1210,CVC-ClinicDB,energy,31.201650619506836,0.32218533754348755,0.6778146624565125,426.0,
1211,CVC-ClinicDB,energy,32.32605743408203,0.07509362697601318,0.9249063730239868,161.0,
1212,CVC-ClinicDB,energy,13.878899574279785,0.700313150882721,0.29968684911727905,372.0,
1213,CVC-ClinicDB,energy,34.58241271972656,0.06484216451644897,0.935157835483551,395.0,
1214,CVC-ClinicDB,energy,43.828060150146484,0.999999463558197,5.364418029785156e-07,468.0,
1215,CVC-ClinicDB,energy,32.874290466308594,0.29116374254226685,0.7088362574577332,302.0,
1216,CVC-ClinicDB,energy,28.934795379638672,0.056758999824523926,0.9432410001754761,102.0,
1217,CVC-ClinicDB,energy,39.513858795166016,0.9999995827674866,4.172325134277344e-07,584.0,
1218,CVC-ClinicDB,energy,-3.106152296066284,0.10566490888595581,0.8943350911140442,342.0,
1219,CVC-ClinicDB,energy,23.101003646850586,0.1711445450782776,0.8288554549217224,176.0,
1220,CVC-ClinicDB,energy,39.515804290771484,0.059284329414367676,0.9407156705856323,462.0,
1221,CVC-ClinicDB,energy,39.288394927978516,0.5788372755050659,0.4211627244949341,529.0,
1222,CVC-ClinicDB,energy,20.913604736328125,0.4893454909324646,0.5106545090675354,82.0,
1223,CVC-ClinicDB,energy,35.60025405883789,0.9999998211860657,1.7881393432617188e-07,288.0,
1224,CVC-ClinicDB,energy,33.96536636352539,0.17036914825439453,0.8296308517456055,593.0,
1225,CVC-ClinicDB,energy,47.27839660644531,0.3436243534088135,0.6563756465911865,457.0,
1226,CVC-ClinicDB,energy,32.99195098876953,0.11699175834655762,0.8830082416534424,381.0,
1227,CVC-ClinicDB,energy,29.45795440673828,0.9999997615814209,2.384185791015625e-07,565.0,
1228,CVC-ClinicDB,energy,31.313472747802734,0.27043217420578003,0.72956782579422,289.0,
1229,CVC-ClinicDB,energy,34.23683166503906,0.6148076057434082,0.3851923942565918,209.0,
1230,CVC-ClinicDB,energy,28.581634521484375,0.38981443643569946,0.6101855635643005,256.0,
1231,CVC-ClinicDB,energy,24.803674697875977,0.0512811541557312,0.9487188458442688,344.0,
1232,CVC-ClinicDB,energy,23.54483413696289,0.13563889265060425,0.8643611073493958,595.0,
1233,CVC-ClinicDB,energy,30.85417366027832,0.6491910219192505,0.3508089780807495,115.0,
1234,CVC-ClinicDB,energy,38.41522216796875,0.22105085849761963,0.7789491415023804,275.0,
1235,CVC-ClinicDB,energy,27.784399032592773,0.12009036540985107,0.8799096345901489,435.0,
1236,CVC-ClinicDB,energy,15.795148849487305,0.1161198616027832,0.8838801383972168,48.0,
1237,CVC-ClinicDB,energy,30.27581787109375,0.2805243730545044,0.7194756269454956,478.0,
1238,CVC-ClinicDB,energy,24.998767852783203,0.09590655565261841,0.9040934443473816,185.0,
1239,CVC-ClinicDB,energy,-3.731492042541504,0.6690499186515808,0.3309500813484192,455.0,
1240,CVC-ClinicDB,energy,-4.001272201538086,0.06443417072296143,0.9355658292770386,149.0,
1241,CVC-ClinicDB,energy,26.700620651245117,0.1541430950164795,0.8458569049835205,586.0,
1242,CVC-ClinicDB,energy,-3.9837870597839355,0.05485665798187256,0.9451433420181274,138.0,
1243,CVC-ClinicDB,energy,37.7411003112793,0.4948873519897461,0.5051126480102539,578.0,
1244,CVC-ClinicDB,energy,40.2535400390625,0.06580305099487305,0.934196949005127,493.0,
1245,CVC-ClinicDB,energy,33.41359329223633,0.04157829284667969,0.9584217071533203,481.0,
1246,CVC-ClinicDB,energy,37.51235580444336,0.5940546989440918,0.4059453010559082,579.0,
1247,CVC-ClinicDB,energy,35.218875885009766,0.28255897760391235,0.7174410223960876,285.0,
1248,CVC-ClinicDB,energy,38.347991943359375,0.1796364188194275,0.8203635811805725,26.0,
1249,CVC-ClinicDB,energy,-3.8952085971832275,0.9999972581863403,2.7418136596679688e-06,121.0,
1250,CVC-ClinicDB,energy,32.2444953918457,0.048716068267822266,0.9512839317321777,174.0,
1251,CVC-ClinicDB,energy,40.35678482055664,0.49268263578414917,0.5073173642158508,441.0,
1252,CVC-ClinicDB,energy,26.033546447753906,0.24755024909973145,0.7524497509002686,59.0,
1253,CVC-ClinicDB,energy,33.38688278198242,0.11587601900100708,0.8841239809989929,463.0,
1254,CVC-ClinicDB,energy,31.474485397338867,0.27376294136047363,0.7262370586395264,188.0,
1255,CVC-ClinicDB,energy,33.39563751220703,0.3571435809135437,0.6428564190864563,387.0,
1256,CVC-ClinicDB,energy,40.69000244140625,0.08356136083602905,0.916438639163971,461.0,
1257,CVC-ClinicDB,energy,32.47425842285156,0.06240832805633545,0.9375916719436646,128.0,
1258,CVC-ClinicDB,energy,37.227115631103516,0.11373007297515869,0.8862699270248413,89.0,
1259,CVC-ClinicDB,energy,29.859630584716797,0.9999993443489075,6.556510925292969e-07,378.0,
1260,CVC-ClinicDB,energy,27.112079620361328,0.9999963641166687,3.635883331298828e-06,611.0,
1261,CVC-ClinicDB,energy,36.514503479003906,0.6724274158477783,0.3275725841522217,561.0,
1262,CVC-ClinicDB,energy,37.68415069580078,0.8887810707092285,0.11121892929077148,3.0,
1263,CVC-ClinicDB,energy,26.424640655517578,0.07320457696914673,0.9267954230308533,42.0,
1264,CVC-ClinicDB,energy,38.84492492675781,0.07566285133361816,0.9243371486663818,502.0,
1265,CVC-ClinicDB,energy,44.239013671875,0.6530143022537231,0.34698569774627686,201.0,
1266,CVC-ClinicDB,energy,35.17262649536133,0.04842245578765869,0.9515775442123413,147.0,
1267,CVC-ClinicDB,energy,34.5429573059082,0.10912328958511353,0.8908767104148865,443.0,
1268,CVC-ClinicDB,energy,33.21470260620117,0.10438930988311768,0.8956106901168823,438.0,
1269,CVC-ClinicDB,energy,45.11980056762695,0.965133786201477,0.03486621379852295,476.0,
1270,CVC-ClinicDB,energy,40.01900863647461,0.5874730348587036,0.4125269651412964,68.0,
1271,CVC-ClinicDB,energy,33.37270736694336,0.44427257776260376,0.5557274222373962,205.0,
1272,CVC-ClinicDB,energy,38.23777389526367,0.08218163251876831,0.9178183674812317,318.0,
1273,CVC-ClinicDB,energy,10.977785110473633,0.0564609169960022,0.9435390830039978,341.0,
1274,CVC-ClinicDB,energy,39.47067642211914,0.06758713722229004,0.93241286277771,150.0,
1275,CVC-ClinicDB,energy,38.30564880371094,0.12331569194793701,0.876684308052063,498.0,
1276,CVC-ClinicDB,energy,41.49910354614258,0.5580625534057617,0.4419374465942383,379.0,
1277,CVC-ClinicDB,energy,-3.981802463531494,0.999999463558197,5.364418029785156e-07,569.0,
1278,CVC-ClinicDB,energy,43.36588668823242,0.38553136587142944,0.6144686341285706,252.0,
1279,CVC-ClinicDB,energy,28.460432052612305,0.06695753335952759,0.9330424666404724,44.0,
1280,CVC-ClinicDB,energy,26.89012336730957,0.916724443435669,0.08327555656433105,556.0,
1281,CVC-ClinicDB,energy,32.880409240722656,0.47554248571395874,0.5244575142860413,600.0,
1282,CVC-ClinicDB,energy,37.128273010253906,0.11093562841415405,0.889064371585846,609.0,
1283,CVC-ClinicDB,energy,42.16947937011719,0.24469977617263794,0.7553002238273621,56.0,
1284,CVC-ClinicDB,energy,30.66100311279297,0.10335147380828857,0.8966485261917114,186.0,
1285,CVC-ClinicDB,energy,23.409523010253906,0.1682370901107788,0.8317629098892212,65.0,
1286,CVC-ClinicDB,energy,27.89057159423828,0.17395824193954468,0.8260417580604553,292.0,
1287,CVC-ClinicDB,energy,34.85686492919922,0.20034217834472656,0.7996578216552734,94.0,
1288,CVC-ClinicDB,energy,43.27016067504883,0.04617810249328613,0.9538218975067139,401.0,
1289,CVC-ClinicDB,energy,35.99573516845703,0.11680358648300171,0.8831964135169983,503.0,
1290,CVC-ClinicDB,energy,28.526857376098633,0.057558536529541016,0.942441463470459,216.0,
1291,CVC-ClinicDB,energy,29.19864845275879,0.298889696598053,0.701110303401947,414.0,
1292,CVC-ClinicDB,energy,46.02085494995117,0.08426982164382935,0.9157301783561707,337.0,
1293,CVC-ClinicDB,energy,39.12494659423828,0.037925004959106445,0.9620749950408936,146.0,
1294,CVC-ClinicDB,energy,35.17456817626953,0.16656720638275146,0.8334327936172485,226.0,
1295,CVC-ClinicDB,energy,30.797908782958984,0.28189051151275635,0.7181094884872437,422.0,
1296,CVC-ClinicDB,energy,48.7729377746582,0.9999993443489075,6.556510925292969e-07,92.0,
1297,CVC-ClinicDB,energy,31.278026580810547,0.9999993443489075,6.556510925292969e-07,568.0,
1298,CVC-ClinicDB,energy,10.83781623840332,0.17256510257720947,0.8274348974227905,215.0,
1299,CVC-ClinicDB,energy,29.453853607177734,0.28637415170669556,0.7136258482933044,415.0,
1300,CVC-ClinicDB,energy,42.10064697265625,0.06412029266357422,0.9358797073364258,398.0,
1301,CVC-ClinicDB,energy,-3.6469078063964844,0.11470025777816772,0.8852997422218323,160.0,
1302,CVC-ClinicDB,energy,4.867670059204102,0.0646016001701355,0.9353983998298645,104.0,
1303,CVC-ClinicDB,energy,34.35129928588867,0.09815257787704468,0.9018474221229553,499.0,
1304,CVC-ClinicDB,energy,27.03441619873047,0.17271625995635986,0.8272837400436401,365.0,
1305,CVC-ClinicDB,energy,35.7502326965332,0.10399526357650757,0.8960047364234924,527.0,
1306,CVC-ClinicDB,energy,31.8814640045166,0.22766053676605225,0.7723394632339478,390.0,
1307,CVC-ClinicDB,energy,31.74273109436035,0.9999998807907104,1.1920928955078125e-07,245.0,
1308,CVC-ClinicDB,energy,31.024749755859375,0.24316203594207764,0.7568379640579224,259.0,
1309,CVC-ClinicDB,energy,30.888906478881836,0.7584877610206604,0.2415122389793396,11.0,
1310,CVC-ClinicDB,energy,32.301029205322266,0.47000646591186523,0.5299935340881348,545.0,
1311,CVC-ClinicDB,energy,36.20137405395508,0.40840470790863037,0.5915952920913696,80.0,
1312,CVC-ClinicDB,energy,24.999902725219727,0.12079650163650513,0.8792034983634949,396.0,
1313,CVC-ClinicDB,energy,34.22161102294922,0.13182562589645386,0.8681743741035461,235.0,
1314,CVC-ClinicDB,energy,35.758262634277344,0.15178537368774414,0.8482146263122559,448.0,
1315,CVC-ClinicDB,energy,36.838233947753906,0.3551912307739258,0.6448087692260742,253.0,
1316,CVC-ClinicDB,energy,37.0894775390625,0.9999996423721313,3.5762786865234375e-07,250.0,
1317,CVC-ClinicDB,energy,43.41719055175781,0.06358945369720459,0.9364105463027954,45.0,
1318,CVC-ClinicDB,energy,39.96329879760742,0.8584685921669006,0.14153140783309937,557.0,
1319,CVC-ClinicDB,energy,46.60529327392578,0.15272289514541626,0.8472771048545837,339.0,
1320,CVC-ClinicDB,energy,-3.798006772994995,0.6762202978134155,0.3237797021865845,312.0,
1321,CVC-ClinicDB,energy,38.368011474609375,0.6711716651916504,0.3288283348083496,20.0,
1322,CVC-ClinicDB,energy,25.122583389282227,0.11895638704299927,0.8810436129570007,35.0,
1323,CVC-ClinicDB,energy,25.360523223876953,0.22849196195602417,0.7715080380439758,264.0,
1324,CVC-ClinicDB,energy,36.28213119506836,0.30570995807647705,0.694290041923523,58.0,
1325,CVC-ClinicDB,energy,33.46331024169922,0.14583855867385864,0.8541614413261414,599.0,
1326,CVC-ClinicDB,energy,24.234012603759766,0.10674458742141724,0.8932554125785828,28.0,
1327,CVC-ClinicDB,energy,-3.722738265991211,0.8639035224914551,0.13609647750854492,273.0,
1328,CVC-ClinicDB,energy,40.41962432861328,0.6211370229721069,0.37886297702789307,266.0,
1329,CVC-ClinicDB,energy,24.32056427001953,0.17269760370254517,0.8273023962974548,234.0,
1330,CVC-ClinicDB,energy,32.81535720825195,0.10386151075363159,0.8961384892463684,152.0,
1331,CVC-ClinicDB,energy,24.151714324951172,0.22634804248809814,0.7736519575119019,316.0,
1332,CVC-ClinicDB,energy,23.722267150878906,0.5424836874008179,0.45751631259918213,437.0,
1333,CVC-ClinicDB,energy,-3.892361640930176,0.9930967688560486,0.006903231143951416,361.0,
1334,CVC-ClinicDB,energy,29.78554344177246,0.1624305248260498,0.8375694751739502,164.0,
1335,CVC-ClinicDB,energy,39.03212356567383,0.37362736463546753,0.6263726353645325,549.0,
1336,CVC-ClinicDB,energy,-3.6312010288238525,0.09748351573944092,0.9025164842605591,329.0,
1337,CVC-ClinicDB,energy,-4.0243940353393555,0.1594424843788147,0.8405575156211853,183.0,
1338,CVC-ClinicDB,energy,35.299583435058594,0.9999991655349731,8.344650268554688e-07,78.0,
1339,CVC-ClinicDB,energy,49.680076599121094,0.9999996423721313,3.5762786865234375e-07,567.0,
1340,CVC-ClinicDB,energy,35.796295166015625,0.23404353857040405,0.765956461429596,172.0,
1341,CVC-ClinicDB,energy,36.05836868286133,0.9999995827674866,4.172325134277344e-07,153.0,
1342,CVC-ClinicDB,energy,37.58358383178711,0.1066359281539917,0.8933640718460083,451.0,
1343,CVC-ClinicDB,energy,24.429962158203125,0.27078777551651,0.72921222448349,240.0,
1344,CVC-ClinicDB,energy,31.455644607543945,0.13310617208480835,0.8668938279151917,290.0,
1345,CVC-ClinicDB,energy,30.170122146606445,0.0649908185005188,0.9350091814994812,194.0,
1346,CVC-ClinicDB,energy,37.447208404541016,0.1773921251296997,0.8226078748703003,553.0,
1347,CVC-ClinicDB,energy,31.059782028198242,0.36009663343429565,0.6399033665657043,383.0,
1348,CVC-ClinicDB,energy,33.9499626159668,0.9346437454223633,0.06535625457763672,547.0,
1349,CVC-ClinicDB,energy,-2.653400182723999,0.10223352909088135,0.8977664709091187,37.0,
1350,CVC-ClinicDB,energy,-3.3544704914093018,0.07143229246139526,0.9285677075386047,30.0,
1351,CVC-ClinicDB,energy,39.258087158203125,0.22596359252929688,0.7740364074707031,96.0,
1352,CVC-ClinicDB,energy,40.3001708984375,0.05198562145233154,0.9480143785476685,148.0,
1353,CVC-ClinicDB,energy,35.985618591308594,0.3916757106781006,0.6083242893218994,286.0,
1354,CVC-ClinicDB,energy,32.88286209106445,0.5953668355941772,0.40463316440582275,407.0,
1355,CVC-ClinicDB,energy,46.25408935546875,0.2881873846054077,0.7118126153945923,592.0,
1356,CVC-ClinicDB,energy,29.151073455810547,0.9999997615814209,2.384185791015625e-07,354.0,
1357,CVC-ClinicDB,energy,35.44948959350586,0.06959611177444458,0.9304038882255554,449.0,
1358,CVC-ClinicDB,energy,36.56266403198242,0.1579958200454712,0.8420041799545288,248.0,
1359,CVC-ClinicDB,energy,37.11582946777344,0.3554144501686096,0.6445855498313904,417.0,
1360,CVC-ClinicDB,energy,-3.8984875679016113,0.22995281219482422,0.7700471878051758,108.0,
1361,CVC-ClinicDB,energy,33.23420333862305,0.08967173099517822,0.9103282690048218,517.0,
1362,CVC-ClinicDB,energy,22.505319595336914,0.04311472177505493,0.9568852782249451,400.0,
1363,CVC-ClinicDB,energy,38.33401107788086,0.13005512952804565,0.8699448704719543,369.0,
1364,CVC-ClinicDB,energy,30.54013442993164,0.1036686897277832,0.8963313102722168,376.0,
1365,CVC-ClinicDB,energy,32.62394332885742,0.07751590013504028,0.9224840998649597,32.0,
1366,CVC-ClinicDB,energy,-3.395375967025757,0.2329922914505005,0.7670077085494995,456.0,
1367,CVC-ClinicDB,energy,32.343231201171875,0.3218038082122803,0.6781961917877197,563.0,
1368,CVC-ClinicDB,energy,46.10942459106445,0.23484402894973755,0.7651559710502625,190.0,
1369,CVC-ClinicDB,energy,-3.744853973388672,0.09601795673370361,0.9039820432662964,506.0,
1370,CVC-ClinicDB,energy,32.234764099121094,0.4788554906845093,0.5211445093154907,173.0,
1371,CVC-ClinicDB,energy,30.67643165588379,0.9999994039535522,5.960464477539062e-07,546.0,
1372,CVC-ClinicDB,energy,35.73468017578125,0.9999994039535522,5.960464477539062e-07,447.0,
1373,CVC-ClinicDB,energy,33.98806381225586,0.31165826320648193,0.6883417367935181,277.0,
1374,CVC-ClinicDB,energy,23.83997344970703,0.922471284866333,0.07752871513366699,2.0,
1375,CVC-ClinicDB,energy,32.71330261230469,0.7332285642623901,0.26677143573760986,375.0,
1376,CVC-ClinicDB,energy,28.511037826538086,0.5233644247055054,0.47663557529449463,74.0,
1377,CVC-ClinicDB,energy,37.324459075927734,0.27909988164901733,0.7209001183509827,95.0,
1378,CVC-ClinicDB,energy,28.805837631225586,0.39721280336380005,0.6027871966362,271.0,
1379,CVC-ClinicDB,energy,-3.22021746635437,0.6771227121353149,0.32287728786468506,424.0,
1380,CVC-ClinicDB,energy,21.55094337463379,0.19021940231323242,0.8097805976867676,598.0,
1381,CVC-ClinicDB,energy,28.898162841796875,0.9530917406082153,0.04690825939178467,530.0,
1382,CVC-ClinicDB,energy,35.99610900878906,0.15742957592010498,0.842570424079895,521.0,
1383,CVC-ClinicDB,energy,35.11960983276367,0.13270169496536255,0.8672983050346375,27.0,
1384,CVC-ClinicDB,energy,36.1453742980957,0.16468262672424316,0.8353173732757568,180.0,
1385,CVC-ClinicDB,energy,32.46772003173828,0.6510146856307983,0.34898531436920166,411.0,
1386,CVC-ClinicDB,energy,21.516183853149414,0.30046069622039795,0.699539303779602,605.0,
1387,CVC-ClinicDB,energy,37.41801452636719,0.1250895857810974,0.8749104142189026,126.0,
1388,CVC-ClinicDB,energy,31.740264892578125,0.13630467653274536,0.8636953234672546,305.0,
1389,CVC-ClinicDB,energy,37.64234161376953,0.23645222187042236,0.7635477781295776,357.0,
1390,CVC-ClinicDB,energy,34.51789855957031,0.11347121000289917,0.8865287899971008,562.0,
1391,CVC-ClinicDB,energy,31.371225357055664,0.9999995231628418,4.76837158203125e-07,566.0,
1392,CVC-ClinicDB,energy,31.386945724487305,0.1668122410774231,0.8331877589225769,163.0,
1393,CVC-ClinicDB,energy,38.19820022583008,0.9999993443489075,6.556510925292969e-07,466.0,
1394,CVC-ClinicDB,energy,34.348045349121094,0.6673200726509094,0.3326799273490906,536.0,
1395,CVC-ClinicDB,energy,46.176536560058594,0.06506699323654175,0.9349330067634583,331.0,
1396,CVC-ClinicDB,energy,34.50246047973633,0.033828794956207275,0.9661712050437927,389.0,
1397,CVC-ClinicDB,energy,-3.0799951553344727,0.4031253457069397,0.5968746542930603,76.0,
1398,CVC-ClinicDB,energy,38.00300979614258,0.2579284906387329,0.7420715093612671,85.0,
1399,CVC-ClinicDB,energy,28.63357925415039,0.1438068151473999,0.8561931848526001,295.0,
1400,CVC-ClinicDB,energy,30.341144561767578,0.5637129545211792,0.4362870454788208,123.0,
1401,CVC-ClinicDB,energy,41.87820053100586,0.4102657437324524,0.5897342562675476,384.0,
1402,CVC-ClinicDB,energy,-3.9204068183898926,0.25790417194366455,0.7420958280563354,306.0,
1403,CVC-ClinicDB,energy,-4.065852165222168,0.9999995231628418,4.76837158203125e-07,350.0,
1404,CVC-ClinicDB,energy,36.59587478637695,0.39992910623550415,0.6000708937644958,12.0,
1405,CVC-ClinicDB,energy,35.86334991455078,0.9946101307868958,0.005389869213104248,22.0,
1406,CVC-ClinicDB,energy,35.400238037109375,0.27089768648147583,0.7291023135185242,581.0,
1407,CVC-ClinicDB,energy,15.982349395751953,0.1089562177658081,0.8910437822341919,452.0,
1408,CVC-ClinicDB,energy,27.620697021484375,0.528344452381134,0.47165554761886597,269.0,
1409,CVC-ClinicDB,energy,31.553329467773438,0.15118449926376343,0.8488155007362366,293.0,
1410,CVC-ClinicDB,energy,38.00841522216797,0.05739915370941162,0.9426008462905884,393.0,
1411,CVC-ClinicDB,energy,36.7070198059082,0.18194782733917236,0.8180521726608276,25.0,
1412,CVC-ClinicDB,energy,19.319156646728516,0.1263965368270874,0.8736034631729126,359.0,
1413,CVC-ClinicDB,energy,35.449928283691406,0.05683755874633789,0.9431624412536621,193.0,
1414,CVC-ClinicDB,energy,32.959999084472656,0.05909997224807739,0.9409000277519226,524.0,
1415,CVC-ClinicDB,energy,42.89809036254883,0.3430160880088806,0.6569839119911194,458.0,
1416,CVC-ClinicDB,energy,31.90122413635254,0.11105203628540039,0.8889479637145996,465.0,
1417,CVC-ClinicDB,energy,34.241485595703125,0.3511882424354553,0.6488117575645447,258.0,
1418,CVC-ClinicDB,energy,35.08755874633789,0.2227555513381958,0.7772444486618042,86.0,
1419,CVC-ClinicDB,energy,31.26049041748047,0.12066560983657837,0.8793343901634216,106.0,
1420,CVC-ClinicDB,energy,34.73511505126953,0.14661240577697754,0.8533875942230225,439.0,
1421,CVC-ClinicDB,energy,41.80773162841797,0.0849263072013855,0.9150736927986145,265.0,
1422,CVC-ClinicDB,energy,29.41004753112793,0.8976588249206543,0.1023411750793457,551.0,
1423,CVC-ClinicDB,energy,34.39517593383789,0.26717913150787354,0.7328208684921265,243.0,
1424,CVC-ClinicDB,energy,-3.635164260864258,0.9999989867210388,1.0132789611816406e-06,70.0,
1425,CVC-ClinicDB,energy,33.3283805847168,0.16920971870422363,0.8307902812957764,55.0,
1426,CVC-ClinicDB,energy,36.4993896484375,0.09815627336502075,0.9018437266349792,17.0,
1427,CVC-ClinicDB,energy,-3.480044364929199,0.4326840043067932,0.5673159956932068,480.0,
1428,CVC-ClinicDB,energy,9.468646049499512,0.08065026998519897,0.919349730014801,486.0,
1429,CVC-ClinicDB,energy,40.75107192993164,0.2321760654449463,0.7678239345550537,140.0,
1430,CVC-ClinicDB,energy,31.338417053222656,0.47195178270339966,0.5280482172966003,528.0,
1431,CVC-ClinicDB,energy,37.99479293823242,0.11951714754104614,0.8804828524589539,222.0,
1432,CVC-ClinicDB,energy,45.82763671875,0.09955018758773804,0.900449812412262,326.0,
1433,CVC-ClinicDB,energy,41.32626724243164,0.05300992727279663,0.9469900727272034,523.0,
1434,CVC-ClinicDB,energy,28.56330108642578,0.11528295278549194,0.8847170472145081,84.0,
1435,CVC-ClinicDB,energy,33.8263053894043,0.36088359355926514,0.6391164064407349,419.0,
1436,CVC-ClinicDB,energy,18.886333465576172,0.12723428010940552,0.8727657198905945,348.0,
1437,CVC-ClinicDB,energy,37.92155838012695,0.2802748680114746,0.7197251319885254,377.0,
1438,CVC-ClinicDB,energy,28.25467300415039,0.055697619915008545,0.9443023800849915,217.0,
1439,CVC-ClinicDB,energy,-1.8215992450714111,0.1649690866470337,0.8350309133529663,281.0,
1440,CVC-ClinicDB,energy,34.120086669921875,0.2703453302383423,0.7296546697616577,582.0,
1441,CVC-ClinicDB,energy,32.704532623291016,0.4686904549598694,0.5313095450401306,349.0,
1442,CVC-ClinicDB,energy,19.204946517944336,0.07153093814849854,0.9284690618515015,394.0,
1443,CVC-ClinicDB,energy,35.21086502075195,0.5848154425621033,0.41518455743789673,533.0,
1444,CVC-ClinicDB,energy,30.91830825805664,0.09474480152130127,0.9052551984786987,38.0,
1445,CVC-ClinicDB,energy,34.99510955810547,0.16394060850143433,0.8360593914985657,91.0,
1446,CVC-ClinicDB,energy,46.596031188964844,0.18046241998672485,0.8195375800132751,233.0,
1447,CVC-ClinicDB,energy,36.91353988647461,0.9999998211860657,1.7881393432617188e-07,79.0,
1448,CVC-ClinicDB,energy,36.14323425292969,0.04477447271347046,0.9552255272865295,487.0,
1449,CVC-ClinicDB,energy,42.6226921081543,0.0917784571647644,0.9082215428352356,334.0,
1450,CVC-ClinicDB,energy,22.70555877685547,0.09700018167495728,0.9029998183250427,317.0,
1451,CVC-ClinicDB,energy,38.362213134765625,0.048213303089141846,0.9517866969108582,145.0,
1452,CVC-ClinicDB,energy,29.160207748413086,0.5601319074630737,0.43986809253692627,531.0,
1453,CVC-ClinicDB,energy,25.14433479309082,0.1607043743133545,0.8392956256866455,182.0,
1454,CVC-ClinicDB,energy,32.982398986816406,0.05265742540359497,0.947342574596405,321.0,
1455,CVC-ClinicDB,energy,33.490020751953125,0.21326225996017456,0.7867377400398254,373.0,
1456,CVC-ClinicDB,energy,34.00355529785156,0.2603456974029541,0.7396543025970459,509.0,
1457,CVC-ClinicDB,energy,7.0550312995910645,0.11280786991119385,0.8871921300888062,513.0,
1458,CVC-ClinicDB,energy,36.69868469238281,0.1397497057914734,0.8602502942085266,572.0,
1459,CVC-ClinicDB,energy,32.06061553955078,0.523486852645874,0.476513147354126,71.0,
1460,CVC-ClinicDB,energy,39.34265899658203,0.9999997019767761,2.980232238769531e-07,559.0,
1461,CVC-ClinicDB,energy,32.21574401855469,0.15857499837875366,0.8414250016212463,278.0,
1462,CVC-ClinicDB,energy,26.085689544677734,0.1262335181236267,0.8737664818763733,34.0,
1463,CVC-ClinicDB,energy,36.04294204711914,0.925247848033905,0.07475215196609497,7.0,
1464,CVC-ClinicDB,energy,36.02193832397461,0.4470745325088501,0.5529254674911499,23.0,
1465,CVC-ClinicDB,energy,37.71104431152344,0.35624343156814575,0.6437565684318542,484.0,
1466,CVC-ClinicDB,energy,27.89794921875,0.048511624336242676,0.9514883756637573,323.0,
1467,CVC-ClinicDB,energy,36.71144104003906,0.5044207572937012,0.49557924270629883,73.0,
1468,CVC-ClinicDB,energy,44.83502960205078,0.4264819025993347,0.5735180974006653,410.0,
1469,CVC-ClinicDB,energy,37.596012115478516,0.4876050353050232,0.5123949646949768,210.0,
1470,CVC-ClinicDB,energy,38.87792205810547,0.0714266300201416,0.9285733699798584,33.0,
1471,CVC-ClinicDB,energy,35.08766174316406,0.08699041604995728,0.9130095839500427,49.0,
1472,CVC-ClinicDB,energy,40.341976165771484,0.9999991655349731,8.344650268554688e-07,560.0,
1473,CVC-ClinicDB,energy,31.757177352905273,0.08478254079818726,0.9152174592018127,171.0,
1474,CVC-ClinicDB,energy,43.7003173828125,0.16646891832351685,0.8335310816764832,464.0,
1475,CVC-ClinicDB,energy,48.26229476928711,0.9819539189338684,0.018046081066131592,537.0,
1476,CVC-ClinicDB,energy,35.88825607299805,0.9999995231628418,4.76837158203125e-07,475.0,
1477,CVC-ClinicDB,energy,30.739360809326172,0.31306082010269165,0.6869391798973083,247.0,
1478,CVC-ClinicDB,energy,37.58678436279297,0.08553814888000488,0.9144618511199951,280.0,
1479,CVC-ClinicDB,energy,38.376800537109375,0.08548504114151001,0.91451495885849,585.0,
1480,CVC-ClinicDB,energy,45.06929016113281,0.1326196789741516,0.8673803210258484,428.0,
1481,CVC-ClinicDB,energy,33.41659164428711,0.9999918341636658,8.165836334228516e-06,577.0,
1482,CVC-ClinicDB,energy,41.119693756103516,0.6233328580856323,0.3766671419143677,313.0,
1483,CVC-ClinicDB,energy,-3.213895797729492,0.09125226736068726,0.9087477326393127,319.0,
1484,CVC-ClinicDB,energy,35.331912994384766,0.8483532667160034,0.15164673328399658,72.0,
1485,CVC-ClinicDB,energy,35.08516311645508,0.5421730279922485,0.45782697200775146,227.0,
1486,CVC-ClinicDB,energy,40.11994552612305,0.0894654393196106,0.9105345606803894,501.0,
1487,CVC-ClinicDB,energy,44.453369140625,0.3143361806869507,0.6856638193130493,263.0,
1488,CVC-ClinicDB,energy,27.322092056274414,0.20009028911590576,0.7999097108840942,346.0,
1489,CVC-ClinicDB,energy,-3.6528754234313965,0.04641765356063843,0.9535823464393616,131.0,
1490,CVC-ClinicDB,energy,42.05903244018555,0.051232755184173584,0.9487672448158264,322.0,
1491,CVC-ClinicDB,energy,36.20676040649414,0.11000895500183105,0.889991044998169,83.0,
1492,CVC-ClinicDB,energy,-3.9127211570739746,0.15323740243911743,0.8467625975608826,218.0,
1493,CVC-ClinicDB,energy,35.693965911865234,0.08705705404281616,0.9129429459571838,403.0,
1494,CVC-ClinicDB,energy,17.902524948120117,0.3782040476799011,0.6217959523200989,211.0,
1495,CVC-ClinicDB,energy,33.36739730834961,0.3991420269012451,0.6008579730987549,427.0,
1496,CVC-ClinicDB,energy,35.86653137207031,0.1687871217727661,0.8312128782272339,440.0,
1497,CVC-ClinicDB,energy,35.94603729248047,0.9999994039535522,5.960464477539062e-07,50.0,
1498,CVC-ClinicDB,energy,-3.876230239868164,0.36462849378585815,0.6353715062141418,103.0,
1499,CVC-ClinicDB,energy,36.68009948730469,0.13244235515594482,0.8675576448440552,304.0,
1500,CVC-ClinicDB,energy,-3.8377063274383545,0.07248330116271973,0.9275166988372803,31.0,
1501,CVC-ClinicDB,energy,35.334407806396484,0.06732934713363647,0.9326706528663635,130.0,
1502,CVC-ClinicDB,energy,26.599340438842773,0.8508751392364502,0.1491248607635498,554.0,
1503,CVC-ClinicDB,energy,38.637779235839844,0.2113184928894043,0.7886815071105957,511.0,
1504,CVC-ClinicDB,energy,32.242431640625,0.10892510414123535,0.8910748958587646,324.0,
1505,CVC-ClinicDB,energy,-3.2841882705688477,0.29102760553359985,0.7089723944664001,66.0,
1506,CVC-ClinicDB,energy,39.49937438964844,0.07546818256378174,0.9245318174362183,127.0,
1507,CVC-ClinicDB,energy,39.26374435424805,0.08588039875030518,0.9141196012496948,399.0,
1508,CVC-ClinicDB,energy,29.80899429321289,0.06689298152923584,0.9331070184707642,495.0,
1509,CVC-ClinicDB,energy,47.329402923583984,0.32089662551879883,0.6791033744812012,175.0,
1510,CVC-ClinicDB,energy,31.126853942871094,0.9269648194313049,0.07303518056869507,13.0,
1511,CVC-ClinicDB,energy,33.43776321411133,0.09551578760147095,0.904484212398529,39.0,
1512,CVC-ClinicDB,energy,36.313663482666016,0.09594213962554932,0.9040578603744507,497.0,
1513,CVC-ClinicDB,energy,17.375320434570312,0.994409441947937,0.005590558052062988,228.0,
1514,CVC-ClinicDB,energy,35.14838790893555,0.11117708683013916,0.8888229131698608,297.0,
1515,CVC-ClinicDB,energy,29.39647674560547,0.17378270626068115,0.8262172937393188,151.0,
1516,CVC-ClinicDB,energy,23.12122917175293,0.14988607168197632,0.8501139283180237,352.0,
1517,CVC-ClinicDB,energy,33.66029357910156,0.07510542869567871,0.9248945713043213,170.0,
1518,CVC-ClinicDB,energy,-2.8800618648529053,0.09759044647216797,0.902409553527832,496.0,
1519,CVC-ClinicDB,energy,42.75211715698242,0.41449445486068726,0.5855055451393127,550.0,
1520,CVC-ClinicDB,energy,38.78338623046875,0.9999996423721313,3.5762786865234375e-07,590.0,
1521,CVC-ClinicDB,energy,36.554840087890625,0.08937352895736694,0.9106264710426331,196.0,
1522,CVC-ClinicDB,energy,39.225990295410156,0.09018725156784058,0.9098127484321594,454.0,
1523,CVC-ClinicDB,energy,42.254737854003906,0.999999463558197,5.364418029785156e-07,477.0,
1524,CVC-ClinicDB,energy,34.72694778442383,0.10727548599243164,0.8927245140075684,303.0,
1525,CVC-ClinicDB,energy,39.785945892333984,0.9975747466087341,0.002425253391265869,8.0,
1526,CVC-ClinicDB,energy,27.363697052001953,0.17286384105682373,0.8271361589431763,178.0,
1527,CVC-ClinicDB,energy,-4.274603366851807,0.9382538795471191,0.06174612045288086,24.0,
1528,CVC-ClinicDB,energy,33.245933532714844,0.044687092304229736,0.9553129076957703,135.0,
1529,CVC-ClinicDB,energy,33.59135055541992,0.1630050539970398,0.8369949460029602,300.0,
1530,CVC-ClinicDB,energy,33.31699752807617,0.8257719278335571,0.17422807216644287,474.0,
1531,CVC-ClinicDB,energy,29.537425994873047,0.9904462099075317,0.009553790092468262,0.0,
1532,CVC-ClinicDB,energy,32.047454833984375,0.9999992847442627,7.152557373046875e-07,177.0,
1533,CVC-ClinicDB,energy,36.07448959350586,0.12780141830444336,0.8721985816955566,113.0,
1534,CVC-ClinicDB,energy,34.026512145996094,0.2484128475189209,0.7515871524810791,237.0,
1535,CVC-ClinicDB,energy,27.418764114379883,0.9054528474807739,0.09454715251922607,412.0,
1536,CVC-ClinicDB,energy,39.01059341430664,0.08046096563339233,0.9195390343666077,571.0,
1537,CVC-ClinicDB,energy,28.682846069335938,0.255450963973999,0.744549036026001,442.0,
1538,CVC-ClinicDB,energy,36.888877868652344,0.9999994039535522,5.960464477539062e-07,570.0,
1539,CVC-ClinicDB,energy,33.00086212158203,0.7946128845214844,0.20538711547851562,14.0,
1540,CVC-ClinicDB,energy,37.04740905761719,0.1361449956893921,0.8638550043106079,224.0,
1541,CVC-ClinicDB,energy,35.166683197021484,0.9999995827674866,4.172325134277344e-07,472.0,
1542,CVC-ClinicDB,energy,39.44636535644531,0.2834395170211792,0.7165604829788208,607.0,
1543,CVC-ClinicDB,energy,25.003629684448242,0.051403164863586426,0.9485968351364136,143.0,
1544,CVC-ClinicDB,energy,-3.4349255561828613,0.999998927116394,1.0728836059570312e-06,4.0,
1545,CVC-ClinicDB,energy,37.81493377685547,0.6352543830871582,0.3647456169128418,606.0,
1546,CVC-ClinicDB,energy,34.333099365234375,0.2370280623435974,0.7629719376564026,109.0,
1547,CVC-ClinicDB,energy,33.09529495239258,0.08467155694961548,0.9153284430503845,43.0,
1548,CVC-ClinicDB,energy,36.225101470947266,0.10513365268707275,0.8948663473129272,601.0,
1549,CVC-ClinicDB,energy,42.07115936279297,0.7259894609451294,0.2740105390548706,120.0,
1550,CVC-ClinicDB,energy,31.71908950805664,0.13809341192245483,0.8619065880775452,588.0,
1551,CVC-ClinicDB,energy,40.535377502441406,0.0835312008857727,0.9164687991142273,36.0,
1552,CVC-ClinicDB,energy,44.66734313964844,0.19644922018051147,0.8035507798194885,421.0,
1553,CVC-ClinicDB,energy,3.846421480178833,0.08732360601425171,0.9126763939857483,198.0,
1554,CVC-ClinicDB,energy,34.15065383911133,0.2209962010383606,0.7790037989616394,409.0,
1555,CVC-ClinicDB,energy,-3.5597450733184814,0.042491912841796875,0.9575080871582031,141.0,
1556,CVC-ClinicDB,energy,-3.618696928024292,0.6891928315162659,0.31080716848373413,119.0,
1557,CVC-ClinicDB,energy,27.572114944458008,0.828697681427002,0.17130231857299805,552.0,
1558,CVC-ClinicDB,energy,46.602046966552734,0.9999997615814209,2.384185791015625e-07,345.0,
1559,CVC-ClinicDB,energy,34.39492416381836,0.4432870149612427,0.5567129850387573,134.0,
1560,CVC-ClinicDB,energy,29.08204460144043,0.06929224729537964,0.9307077527046204,129.0,
1561,CVC-ClinicDB,energy,-3.779438018798828,0.05664873123168945,0.9433512687683105,491.0,
1562,CVC-ClinicDB,energy,26.384321212768555,0.5545774698257446,0.44542253017425537,260.0,
1563,CVC-ClinicDB,energy,33.31828308105469,0.9999998807907104,1.1920928955078125e-07,162.0,
1564,CVC-ClinicDB,energy,39.454200744628906,0.14788168668746948,0.8521183133125305,505.0,
1565,CVC-ClinicDB,energy,38.63530731201172,0.6256142258644104,0.3743857741355896,580.0,
1566,CVC-ClinicDB,energy,45.183197021484375,0.2570894956588745,0.7429105043411255,191.0,
1567,CVC-ClinicDB,energy,39.06184005737305,0.07186764478683472,0.9281323552131653,169.0,
1568,CVC-ClinicDB,energy,41.796875,0.18779224157333374,0.8122077584266663,214.0,
1569,CVC-ClinicDB,energy,-4.00225830078125,0.8690193295478821,0.13098067045211792,203.0,
1570,CVC-ClinicDB,energy,39.28616714477539,0.042483627796173096,0.9575163722038269,99.0,
1571,CVC-ClinicDB,energy,46.323455810546875,0.43963736295700073,0.5603626370429993,206.0,
1572,CVC-ClinicDB,energy,44.80112838745117,0.9999993443489075,6.556510925292969e-07,469.0,
1573,CVC-ClinicDB,energy,35.88148880004883,0.08910000324249268,0.9108999967575073,29.0,
1574,CVC-ClinicDB,energy,-3.620147228240967,0.8433210849761963,0.1566789150238037,18.0,
1575,CVC-ClinicDB,energy,36.08531951904297,0.5837277173995972,0.41627228260040283,255.0,
1576,CVC-ClinicDB,energy,38.532562255859375,0.1236308217048645,0.8763691782951355,520.0,
1577,CVC-ClinicDB,energy,37.67180252075195,0.2750611901283264,0.7249388098716736,328.0,
1578,CVC-ClinicDB,energy,39.801002502441406,0.9999994039535522,5.960464477539062e-07,370.0,
1579,CVC-ClinicDB,energy,35.65702819824219,0.06685471534729004,0.93314528465271,388.0,
1580,CVC-ClinicDB,energy,33.830101013183594,0.3047373294830322,0.6952626705169678,283.0,
1581,CVC-ClinicDB,energy,32.43864822387695,0.2948046922683716,0.7051953077316284,445.0,
1582,CVC-ClinicDB,energy,39.957008361816406,0.7279479503631592,0.2720520496368408,544.0,
1583,CVC-ClinicDB,energy,-3.5911638736724854,0.23964160680770874,0.7603583931922913,368.0,
1584,CVC-ClinicDB,energy,29.979522705078125,0.2318132519721985,0.7681867480278015,512.0,
1585,CVC-ClinicDB,energy,29.381484985351562,0.2604193687438965,0.7395806312561035,423.0,
1586,CVC-ClinicDB,energy,37.964622497558594,0.05516308546066284,0.9448369145393372,404.0,
1587,CVC-ClinicDB,energy,34.32564926147461,0.0763292908668518,0.9236707091331482,101.0,
1588,CVC-ClinicDB,energy,-3.499359607696533,0.8380395770072937,0.1619604229927063,200.0,
1589,CVC-ClinicDB,energy,32.191184997558594,0.07384628057479858,0.9261537194252014,335.0,
1590,CVC-ClinicDB,energy,37.24944305419922,0.07032471895217896,0.929675281047821,98.0,
1591,CVC-ClinicDB,energy,39.44500732421875,0.9999996423721313,3.5762786865234375e-07,262.0,
1592,CVC-ClinicDB,energy,-3.267957925796509,0.48465728759765625,0.5153427124023438,542.0,
1593,CVC-ClinicDB,energy,38.94977569580078,0.9999994039535522,5.960464477539062e-07,470.0,
1594,CVC-ClinicDB,energy,48.89895248413086,0.9999995827674866,4.172325134277344e-07,576.0,
1595,CVC-ClinicDB,energy,43.70969772338867,0.09432017803192139,0.9056798219680786,62.0,
1596,CVC-ClinicDB,energy,34.01523208618164,0.1871485710144043,0.8128514289855957,351.0,
1597,CVC-ClinicDB,energy,35.95729064941406,0.6623673439025879,0.3376326560974121,114.0,
1598,CVC-ClinicDB,energy,33.984375,0.14965617656707764,0.8503438234329224,249.0,
1599,CVC-ClinicDB,energy,38.30508804321289,0.1797809600830078,0.8202190399169922,429.0,
1600,CVC-ClinicDB,energy,-3.575389862060547,0.39269769191741943,0.6073023080825806,420.0,
1601,CVC-ClinicDB,energy,42.299129486083984,0.27241748571395874,0.7275825142860413,238.0,
1602,CVC-ClinicDB,energy,35.386192321777344,0.20775270462036133,0.7922472953796387,61.0,
1603,CVC-ClinicDB,energy,36.704627990722656,0.06525671482086182,0.9347432851791382,320.0,
1604,CVC-ClinicDB,energy,31.993228912353516,0.03485149145126343,0.9651485085487366,139.0,
1605,CVC-ClinicDB,energy,36.999454498291016,0.9999994039535522,5.960464477539062e-07,371.0,
1606,CVC-ClinicDB,energy,38.219932556152344,0.7370628118515015,0.26293718814849854,15.0,
1607,CVC-ClinicDB,energy,21.706953048706055,0.18048417568206787,0.8195158243179321,179.0,
1608,CVC-ClinicDB,energy,35.1219367980957,0.23732298612594604,0.762677013874054,230.0,
1609,CVC-ClinicDB,energy,-3.518538475036621,0.879572331905365,0.12042766809463501,1.0,
1610,CVC-ClinicDB,energy,29.586502075195312,0.11747193336486816,0.8825280666351318,459.0,
1611,CVC-ClinicDB,energy,39.41361618041992,0.999999463558197,5.364418029785156e-07,204.0,
1612,CVC-ClinicDB,energy,-3.98256254196167,0.9999996423721313,3.5762786865234375e-07,52.0,
1613,CVC-ClinicDB,energy,38.6965446472168,0.07407069206237793,0.9259293079376221,602.0,
1614,CVC-ClinicDB,energy,33.5338134765625,0.825027346611023,0.17497265338897705,604.0,
1615,CVC-ClinicDB,energy,40.21156692504883,0.11143600940704346,0.8885639905929565,279.0,
1616,CVC-ClinicDB,energy,32.675018310546875,0.08422595262527466,0.9157740473747253,516.0,
1617,CVC-ClinicDB,energy,-4.134032249450684,0.41254591941833496,0.587454080581665,539.0,
1618,CVC-ClinicDB,energy,46.819637298583984,0.5809582471847534,0.4190417528152466,541.0,
1619,CVC-ClinicDB,energy,41.51683807373047,0.7154407501220703,0.2845592498779297,116.0,
1620,CVC-ClinicDB,energy,35.06744384765625,0.3186296820640564,0.6813703179359436,199.0,
1621,CVC-ClinicDB,energy,30.871044158935547,0.122444748878479,0.877555251121521,436.0,
1622,CVC-ClinicDB,energy,34.864131927490234,0.999999463558197,5.364418029785156e-07,81.0,
1623,CVC-ClinicDB,energy,34.58538055419922,0.7511709928512573,0.24882900714874268,583.0,
1624,CVC-ClinicDB,energy,36.41373825073242,0.10700857639312744,0.8929914236068726,603.0,
1625,CVC-ClinicDB,energy,28.35985565185547,0.9999996423721313,3.5762786865234375e-07,575.0,
1626,CVC-ClinicDB,energy,35.177268981933594,0.05705535411834717,0.9429446458816528,402.0,
1627,CVC-ClinicDB,energy,37.95775604248047,0.23439443111419678,0.7656055688858032,287.0,
1628,CVC-ClinicDB,energy,30.20093536376953,0.5858539342880249,0.4141460657119751,9.0,
1629,CVC-ClinicDB,energy,36.651084899902344,0.7046911716461182,0.29530882835388184,540.0,
1630,CVC-ClinicDB,energy,36.28852081298828,0.3099384903907776,0.6900615096092224,385.0,
1631,CVC-ClinicDB,energy,34.21430206298828,0.9999999403953552,5.960464477539063e-08,558.0,
1632,CVC-ClinicDB,energy,21.85975456237793,0.07213026285171509,0.9278697371482849,47.0,
1633,CVC-ClinicDB,energy,36.935508728027344,0.1952856183052063,0.8047143816947937,460.0,
1634,CVC-ClinicDB,energy,33.52216339111328,0.052048325538635254,0.9479516744613647,225.0,
1635,CVC-ClinicDB,energy,31.793594360351562,0.15135931968688965,0.8486406803131104,434.0,
1636,CVC-ClinicDB,energy,38.70208740234375,0.31619471311569214,0.6838052868843079,591.0,
1637,CVC-ClinicDB,energy,35.51951217651367,0.17361319065093994,0.8263868093490601,364.0,
1638,CVC-ClinicDB,energy,42.39789962768555,0.11637669801712036,0.8836233019828796,301.0,
1639,CVC-ClinicDB,energy,23.312042236328125,0.23634862899780273,0.7636513710021973,276.0,
1640,CVC-ClinicDB,energy,28.769222259521484,0.05106443166732788,0.9489355683326721,518.0,
1641,CVC-ClinicDB,energy,31.907377243041992,0.20789366960525513,0.7921063303947449,189.0,
1642,CVC-ClinicDB,energy,35.12077713012695,0.04236537218093872,0.9576346278190613,136.0,
1643,CVC-ClinicDB,energy,40.996768951416016,0.36329203844070435,0.6367079615592957,597.0,
1644,CVC-ClinicDB,energy,41.04185104370117,0.10074102878570557,0.8992589712142944,432.0,
1645,CVC-ClinicDB,energy,30.148540496826172,0.13886111974716187,0.8611388802528381,64.0,
1646,CVC-ClinicDB,energy,32.69091033935547,0.2622750401496887,0.7377249598503113,57.0,
1647,CVC-ClinicDB,energy,35.042144775390625,0.6098061800003052,0.3901938199996948,534.0,
1648,CVC-ClinicDB,energy,36.976314544677734,0.9999998807907104,1.1920928955078125e-07,362.0,
1649,CVC-ClinicDB,energy,33.942222595214844,0.7791789770126343,0.22082102298736572,242.0,
1650,CVC-ClinicDB,energy,41.52920913696289,0.8482046127319336,0.1517953872680664,272.0,
1651,CVC-ClinicDB,energy,34.77125549316406,0.9042338132858276,0.09576618671417236,473.0,
1652,CVC-ClinicDB,energy,33.948974609375,0.29971134662628174,0.7002886533737183,386.0,
1653,CVC-ClinicDB,energy,36.46162033081055,0.9684240818023682,0.031575918197631836,251.0,
1654,CVC-ClinicDB,energy,34.530006408691406,0.9999996423721313,3.5762786865234375e-07,310.0,
1655,CVC-ClinicDB,energy,43.272891998291016,0.3542601466178894,0.6457398533821106,374.0,
1656,CVC-ClinicDB,energy,31.704940795898438,0.2539122700691223,0.7460877299308777,425.0,
1657,CVC-ClinicDB,energy,36.46067428588867,0.12473738193511963,0.8752626180648804,181.0,
1658,CVC-ClinicDB,energy,27.456356048583984,0.44617903232574463,0.5538209676742554,353.0,
1659,CVC-ClinicDB,energy,33.50853729248047,0.2841085195541382,0.7158914804458618,212.0,
1660,CVC-ClinicDB,energy,20.313846588134766,0.0808214545249939,0.9191785454750061,166.0,
1661,CVC-ClinicDB,energy,32.22572326660156,0.1960313320159912,0.8039686679840088,327.0,
1662,CVC-ClinicDB,energy,37.836143493652344,0.0671965479850769,0.9328034520149231,167.0,
1663,CVC-ClinicDB,energy,38.73765182495117,0.1272253394126892,0.8727746605873108,165.0,
1664,CVC-ClinicDB,energy,38.071685791015625,0.7494723796844482,0.25052762031555176,21.0,
1665,CVC-ClinicDB,energy,24.924602508544922,0.22663599252700806,0.7733640074729919,490.0,
1666,CVC-ClinicDB,energy,32.61166763305664,0.13209301233291626,0.8679069876670837,589.0,
1667,CVC-ClinicDB,energy,34.50067138671875,0.37049204111099243,0.6295079588890076,479.0,
1668,CVC-ClinicDB,energy,32.521324157714844,0.08883464336395264,0.9111653566360474,88.0,
1669,CVC-ClinicDB,energy,44.11390686035156,0.13501709699630737,0.8649829030036926,90.0,
1670,CVC-ClinicDB,energy,9.269161224365234,0.1538546085357666,0.8461453914642334,366.0,
1671,CVC-ClinicDB,energy,33.54816436767578,0.07372558116912842,0.9262744188308716,332.0,
1672,CVC-ClinicDB,energy,32.80351638793945,0.07950180768966675,0.9204981923103333,197.0,
1673,CVC-ClinicDB,energy,37.93368911743164,0.08180606365203857,0.9181939363479614,494.0,
1674,CVC-ClinicDB,energy,35.97852325439453,0.1159394383430481,0.8840605616569519,431.0,
1675,CVC-ClinicDB,energy,37.013553619384766,0.07333660125732422,0.9266633987426758,187.0,
1676,CVC-ClinicDB,energy,35.89582061767578,0.28453630208969116,0.7154636979103088,483.0,
1677,CVC-ClinicDB,energy,27.876548767089844,0.15234029293060303,0.847659707069397,363.0,
1678,CVC-ClinicDB,energy,32.58720016479492,0.550993800163269,0.44900619983673096,254.0,
1679,CVC-ClinicDB,energy,36.16926956176758,0.46383076906204224,0.5361692309379578,232.0,
1680,CVC-ClinicDB,energy,36.70505905151367,0.21286028623580933,0.7871397137641907,112.0,
1681,CVC-ClinicDB,energy,32.92618942260742,0.06127852201461792,0.9387214779853821,489.0,
1682,CVC-ClinicDB,energy,36.31422805786133,0.09911298751831055,0.9008870124816895,330.0,
1683,CVC-ClinicDB,energy,35.67808532714844,0.6026268601417542,0.39737313985824585,360.0,
1684,CVC-ClinicDB,energy,33.546478271484375,0.6727752685546875,0.3272247314453125,69.0,
1685,CVC-ClinicDB,energy,35.94989013671875,0.966431736946106,0.03356826305389404,67.0,
1686,CVC-ClinicDB,energy,29.765661239624023,0.9563160538673401,0.04368394613265991,574.0,
1687,CVC-ClinicDB,energy,28.62828254699707,0.03111201524734497,0.968887984752655,144.0,
1688,CVC-ClinicDB,energy,40.39562225341797,0.15816080570220947,0.8418391942977905,220.0,
1689,CVC-ClinicDB,energy,32.26865005493164,0.6480079889297485,0.35199201107025146,77.0,
1690,CVC-ClinicDB,energy,34.87095260620117,0.0974113941192627,0.9025886058807373,100.0,
1691,CVC-ClinicDB,energy,38.87759017944336,0.2076505422592163,0.7923494577407837,538.0,
1692,CVC-ClinicDB,energy,24.92569351196289,0.14582103490829468,0.8541789650917053,192.0,
1693,CVC-ClinicDB,energy,39.65011978149414,0.349489688873291,0.650510311126709,5.0,
1694,CVC-ClinicDB,energy,32.45639419555664,0.2648213505744934,0.7351786494255066,294.0,
1695,CVC-ClinicDB,energy,-3.2630615234375,0.8555632829666138,0.14443671703338623,157.0,
1696,CVC-ClinicDB,energy,33.67245864868164,0.22688859701156616,0.7731114029884338,93.0,
1697,CVC-ClinicDB,energy,33.16792678833008,0.13100868463516235,0.8689913153648376,391.0,
1698,CVC-ClinicDB,energy,-4.012653827667236,0.368807315826416,0.631192684173584,413.0,
1699,CVC-ClinicDB,energy,40.76008224487305,0.4480654001235962,0.5519345998764038,244.0,
1700,CVC-ClinicDB,energy,19.52364158630371,0.07296615839004517,0.9270338416099548,314.0,
1701,CVC-ClinicDB,energy,32.80796813964844,0.08224427700042725,0.9177557229995728,406.0,
1702,CVC-ClinicDB,energy,-3.181384563446045,0.10509330034255981,0.8949066996574402,195.0,
1703,CVC-ClinicDB,energy,36.80430221557617,0.08363568782806396,0.916364312171936,282.0,
1704,CVC-ClinicDB,energy,47.75,0.11690998077392578,0.8830900192260742,325.0,
1705,CVC-ClinicDB,energy,31.718585968017578,0.10701185464859009,0.8929881453514099,594.0,
1706,CVC-ClinicDB,energy,24.726726531982422,0.1163862943649292,0.8836137056350708,358.0,
1707,CVC-ClinicDB,energy,38.29319381713867,0.45235610008239746,0.5476438999176025,587.0,
1708,CVC-ClinicDB,energy,41.580169677734375,0.18074476718902588,0.8192552328109741,60.0,
1709,CVC-ClinicDB,energy,30.901653289794922,0.5336836576461792,0.4663163423538208,555.0,
1710,CVC-ClinicDB,energy,35.79738235473633,0.2587053179740906,0.7412946820259094,446.0,
1711,CVC-ClinicDB,energy,23.60463523864746,0.9999994039535522,5.960464477539062e-07,471.0,
1712,CVC-ClinicDB,energy,49.88068389892578,0.06431454420089722,0.9356854557991028,356.0,
1713,CVC-ClinicDB,energy,26.63636589050293,0.038478076457977295,0.9615219235420227,519.0,
1714,CVC-ClinicDB,energy,25.768037796020508,0.11617791652679443,0.8838220834732056,159.0,
1715,CVC-ClinicDB,energy,36.16813659667969,0.11899781227111816,0.8810021877288818,142.0,
1716,CVC-ClinicDB,energy,36.725372314453125,0.06421130895614624,0.9357886910438538,507.0,
1717,CVC-ClinicDB,energy,34.155517578125,0.08636581897735596,0.913634181022644,453.0,
1718,CVC-ClinicDB,energy,35.1657600402832,0.6560634970664978,0.3439365029335022,532.0,
1719,CVC-ClinicDB,energy,47.026817321777344,0.09068459272384644,0.9093154072761536,336.0,
1720,CVC-ClinicDB,energy,33.123714447021484,0.07994425296783447,0.9200557470321655,309.0,
1721,CVC-ClinicDB,energy,32.94792556762695,0.7585110068321228,0.2414889931678772,118.0,
1722,CVC-ClinicDB,energy,30.030887603759766,0.12549322843551636,0.8745067715644836,504.0,
1723,CVC-ClinicDB,energy,50.23676300048828,0.06194472312927246,0.9380552768707275,137.0,
1724,CVC-ClinicDB,energy,35.17597579956055,0.18431490659713745,0.8156850934028625,444.0,
1725,CVC-ClinicDB,energy,31.05826759338379,0.06228548288345337,0.9377145171165466,343.0,
1726,CVC-ClinicDB,energy,32.85006332397461,0.0796317458152771,0.9203682541847229,46.0,
1727,CVC-ClinicDB,energy,40.72605514526367,0.2110418677330017,0.7889581322669983,284.0,
1728,CVC-ClinicDB,energy,-3.7512989044189453,0.8001279830932617,0.19987201690673828,16.0,
1729,CVC-ClinicDB,energy,39.208248138427734,0.5776257514953613,0.42237424850463867,543.0,
1730,CVC-ClinicDB,energy,42.01700973510742,0.36861246824264526,0.6313875317573547,261.0,
1731,CVC-ClinicDB,energy,33.87281036376953,0.8058493733406067,0.1941506266593933,268.0,
1732,CVC-ClinicDB,energy,31.53536605834961,0.1951640248298645,0.8048359751701355,107.0,
1733,CVC-ClinicDB,energy,31.547632217407227,0.07901620864868164,0.9209837913513184,526.0,
1734,CVC-ClinicDB,energy,31.88089370727539,0.49325764179229736,0.5067423582077026,246.0,
1735,CVC-ClinicDB,energy,39.041446685791016,0.5999821424484253,0.4000178575515747,573.0,
1736,CVC-ClinicDB,energy,31.263031005859375,0.8470660448074341,0.15293395519256592,564.0,
1737,CVC-ClinicDB,energy,32.78773880004883,0.2211269736289978,0.7788730263710022,111.0,
1738,CVC-ClinicDB,energy,35.27496337890625,0.3866316080093384,0.6133683919906616,241.0,
1739,CVC-ClinicDB,energy,38.22354507446289,0.22319811582565308,0.7768018841743469,125.0,
1740,CVC-ClinicDB,energy,40.03166198730469,0.2755863070487976,0.7244136929512024,418.0,
1741,CVC-ClinicDB,energy,27.22047996520996,0.9999999403953552,5.960464477539063e-08,548.0,
1742,CVC-ClinicDB,energy,43.46083068847656,0.2947152853012085,0.7052847146987915,229.0,
1743,CVC-ClinicDB,energy,23.34942054748535,0.09613955020904541,0.9038604497909546,40.0,
1744,CVC-ClinicDB,energy,33.74354553222656,0.19408702850341797,0.805912971496582,508.0,
1745,CVC-ClinicDB,energy,28.207765579223633,0.09346389770507812,0.9065361022949219,87.0,
1746,CVC-ClinicDB,energy,-2.5615785121917725,0.10530674457550049,0.8946932554244995,485.0,
1747,CVC-ClinicDB,energy,34.56544494628906,0.9999991059303284,8.940696716308594e-07,53.0,
1748,CVC-ClinicDB,energy,39.05625534057617,0.08014923334121704,0.919850766658783,488.0,
1749,CVC-ClinicDB,energy,41.78881072998047,0.9999998211860657,1.7881393432617188e-07,154.0,
1750,CVC-ClinicDB,energy,39.81362533569336,0.06496769189834595,0.935032308101654,168.0,
1751,CVC-ClinicDB,energy,31.15053939819336,0.6108450889587402,0.38915491104125977,296.0,
1752,CVC-ClinicDB,energy,40.51483154296875,0.12337350845336914,0.8766264915466309,382.0,
1753,CVC-ClinicDB,energy,-3.6936845779418945,0.21028292179107666,0.7897170782089233,291.0,
1754,CVC-ClinicDB,energy,32.54511642456055,0.9999995231628418,4.76837158203125e-07,19.0,
1755,CVC-ClinicDB,energy,26.995288848876953,0.34692317247390747,0.6530768275260925,274.0,
1756,CVC-ClinicDB,energy,-3.9011025428771973,0.6617920398712158,0.3382079601287842,270.0,
1757,CVC-ClinicDB,energy,-3.4403364658355713,0.1764492392539978,0.8235507607460022,610.0,
1758,CVC-ClinicDB,energy,37.71337127685547,0.9999997615814209,2.384185791015625e-07,267.0,
1759,CVC-ClinicDB,energy,41.97855758666992,0.10880404710769653,0.8911959528923035,433.0,
1760,CVC-ClinicDB,energy,30.916316986083984,0.08227723836898804,0.917722761631012,408.0,
1761,CVC-ClinicDB,energy,32.82353210449219,0.3135714530944824,0.6864285469055176,236.0,
1762,CVC-ClinicDB,energy,-3.251671075820923,0.7409464120864868,0.2590535879135132,10.0,
1763,CVC-ClinicDB,energy,-2.2192580699920654,0.09704679250717163,0.9029532074928284,515.0,
1764,CVC-ClinicDB,energy,39.21241760253906,0.7129266858100891,0.2870733141899109,380.0,
1765,CVC-ClinicDB,energy,25.74996566772461,0.9999995231628418,4.76837158203125e-07,105.0,
1766,CVC-ClinicDB,energy,30.6380558013916,0.5292131900787354,0.47078680992126465,122.0,
1767,CVC-ClinicDB,energy,40.86801528930664,0.05869704484939575,0.9413029551506042,307.0,
1768,CVC-ClinicDB,energy,48.5023307800293,0.22029346227645874,0.7797065377235413,347.0,
1769,CVC-ClinicDB,energy,30.9305477142334,0.08732718229293823,0.9126728177070618,41.0,
1770,CVC-ClinicDB,energy,33.65228271484375,0.1854104995727539,0.8145895004272461,522.0,
1771,CVC-ClinicDB,energy,33.19565963745117,0.999998152256012,1.8477439880371094e-06,208.0,
1772,CVC-ClinicDB,energy,38.164615631103516,0.2882331609725952,0.7117668390274048,231.0,
1773,CVC-ClinicDB,energy,30.417760848999023,0.8260501623153687,0.17394983768463135,257.0,
1774,CVC-ClinicDB,energy,30.99234962463379,0.1546955108642578,0.8453044891357422,525.0,
1775,CVC-ClinicDB,energy,38.54833984375,0.11737936735153198,0.882620632648468,155.0,
1776,CVC-ClinicDB,energy,39.884178161621094,0.21280336380004883,0.7871966361999512,158.0,
1777,CVC-ClinicDB,energy,37.15420913696289,0.22979778051376343,0.7702022194862366,124.0,
1778,CVC-ClinicDB,energy,30.379127502441406,0.06560242176055908,0.9343975782394409,315.0,
1779,CVC-ClinicDB,energy,28.75017547607422,0.9999993443489075,6.556510925292969e-07,75.0,
1780,CVC-ClinicDB,energy,25.197237014770508,0.722948431968689,0.27705156803131104,54.0,
1781,CVC-ClinicDB,energy,48.1045036315918,0.0934821367263794,0.9065178632736206,223.0,
1782,CVC-ClinicDB,energy,30.656999588012695,0.04090559482574463,0.9590944051742554,97.0,
1783,CVC-ClinicDB,energy,46.752994537353516,0.12249362468719482,0.8775063753128052,482.0,
1784,CVC-ClinicDB,energy,31.255840301513672,0.1332044005393982,0.8667955994606018,308.0,
1785,CVC-ClinicDB,energy,32.67643737792969,0.0493849515914917,0.9506150484085083,133.0,
1786,CVC-ClinicDB,energy,30.878780364990234,0.06112396717071533,0.9388760328292847,492.0,
1787,CVC-ClinicDB,energy,25.203929901123047,0.08988499641418457,0.9101150035858154,450.0,
1788,CVC-ClinicDB,energy,33.63379669189453,0.8787873983383179,0.12121260166168213,117.0,
1789,CVC-ClinicDB,energy,-3.846299648284912,0.048686861991882324,0.9513131380081177,397.0,
1790,CVC-ClinicDB,energy,38.19807052612305,0.08567291498184204,0.914327085018158,608.0,
1791,CVC-ClinicDB,energy,45.892555236816406,0.0390777587890625,0.9609222412109375,132.0,
1792,EndoCV2020,energy,38.167945861816406,0.9999995231628418,4.76837158203125e-07,122.0,
1793,EndoCV2020,energy,-2.8260700702667236,0.1779734492301941,0.8220265507698059,74.0,
1794,EndoCV2020,energy,36.125831604003906,0.10613065958023071,0.8938693404197693,97.0,
1795,EndoCV2020,energy,35.16322708129883,0.0911550521850586,0.9088449478149414,7.0,
1796,EndoCV2020,energy,29.48537254333496,0.5189235210418701,0.4810764789581299,82.0,
1797,EndoCV2020,energy,39.259552001953125,0.03748899698257446,0.9625110030174255,120.0,
1798,EndoCV2020,energy,55.845359802246094,0.06563889980316162,0.9343611001968384,88.0,
1799,EndoCV2020,energy,35.56181335449219,0.9999842643737793,1.5735626220703125e-05,46.0,
1800,EndoCV2020,energy,35.2564811706543,0.13256818056106567,0.8674318194389343,106.0,
1801,EndoCV2020,energy,-3.334993362426758,0.3696725368499756,0.6303274631500244,48.0,
1802,EndoCV2020,energy,46.107791900634766,0.14087092876434326,0.8591290712356567,102.0,
1803,EndoCV2020,energy,40.56893539428711,0.04598742723464966,0.9540125727653503,26.0,
1804,EndoCV2020,energy,37.39365768432617,0.03026270866394043,0.9697372913360596,29.0,
1805,EndoCV2020,energy,48.00876998901367,0.09802180528640747,0.9019781947135925,123.0,
1806,EndoCV2020,energy,37.16636276245117,0.5879899263381958,0.4120100736618042,42.0,
1807,EndoCV2020,energy,46.88430404663086,0.6322215795516968,0.3677784204483032,66.0,
1808,EndoCV2020,energy,41.477054595947266,0.9999998211860657,1.7881393432617188e-07,16.0,
1809,EndoCV2020,energy,25.792095184326172,0.04925847053527832,0.9507415294647217,108.0,
1810,EndoCV2020,energy,16.67607307434082,0.02678656578063965,0.9732134342193604,39.0,
1811,EndoCV2020,energy,27.518259048461914,0.9999994039535522,5.960464477539062e-07,59.0,
1812,EndoCV2020,energy,41.82884216308594,0.9627672433853149,0.03723275661468506,67.0,
1813,EndoCV2020,energy,40.24485397338867,0.9999998807907104,1.1920928955078125e-07,19.0,
1814,EndoCV2020,energy,24.173355102539062,0.8503834009170532,0.14961659908294678,4.0,
1815,EndoCV2020,energy,30.35110092163086,0.2477128505706787,0.7522871494293213,33.0,
1816,EndoCV2020,energy,37.07830810546875,0.09742283821105957,0.9025771617889404,105.0,
1817,EndoCV2020,energy,-2.8149945735931396,0.9999994039535522,5.960464477539062e-07,61.0,
1818,EndoCV2020,energy,37.76750946044922,0.892848789691925,0.10715121030807495,116.0,
1819,EndoCV2020,energy,30.20983123779297,0.6460582613945007,0.35394173860549927,71.0,
1820,EndoCV2020,energy,29.233423233032227,0.3373022675514221,0.6626977324485779,11.0,
1821,EndoCV2020,energy,49.1995849609375,0.4889928102493286,0.5110071897506714,41.0,
1822,EndoCV2020,energy,40.9930534362793,0.14823901653289795,0.851760983467102,85.0,
1823,EndoCV2020,energy,42.26927185058594,0.999997079372406,2.9206275939941406e-06,55.0,
1824,EndoCV2020,energy,40.88072967529297,0.04242575168609619,0.9575742483139038,24.0,
1825,EndoCV2020,energy,10.066927909851074,0.13449960947036743,0.8655003905296326,79.0,
1826,EndoCV2020,energy,45.282676696777344,0.2163141965866089,0.7836858034133911,25.0,
1827,EndoCV2020,energy,43.64701461791992,0.03442645072937012,0.9655735492706299,76.0,
1828,EndoCV2020,energy,42.84355163574219,0.07489275932312012,0.9251072406768799,75.0,
1829,EndoCV2020,energy,38.45780563354492,0.08466184139251709,0.9153381586074829,23.0,
1830,EndoCV2020,energy,38.46590042114258,0.15468424558639526,0.8453157544136047,93.0,
1831,EndoCV2020,energy,33.851558685302734,0.06158667802810669,0.9384133219718933,21.0,
1832,EndoCV2020,energy,39.203819274902344,0.31196004152297974,0.6880399584770203,31.0,
1833,EndoCV2020,energy,40.27995681762695,0.10957145690917969,0.8904285430908203,69.0,
1834,EndoCV2020,energy,34.222755432128906,0.3330919146537781,0.6669080853462219,86.0,
1835,EndoCV2020,energy,32.78843307495117,0.11667895317077637,0.8833210468292236,112.0,
1836,EndoCV2020,energy,38.683250427246094,0.030559122562408447,0.9694408774375916,91.0,
1837,EndoCV2020,energy,-2.298995018005371,0.12237006425857544,0.8776299357414246,125.0,
1838,EndoCV2020,energy,39.89326095581055,0.14703065156936646,0.8529693484306335,56.0,
1839,EndoCV2020,energy,37.84818649291992,0.635919451713562,0.364080548286438,99.0,
1840,EndoCV2020,energy,43.338836669921875,0.1413205862045288,0.8586794137954712,28.0,
1841,EndoCV2020,energy,32.73999786376953,0.15872323513031006,0.8412767648696899,113.0,
1842,EndoCV2020,energy,33.67917251586914,0.13271450996398926,0.8672854900360107,110.0,
1843,EndoCV2020,energy,35.943485260009766,0.27661991119384766,0.7233800888061523,101.0,
1844,EndoCV2020,energy,49.60523986816406,0.21832334995269775,0.7816766500473022,63.0,
1845,EndoCV2020,energy,-3.313055992126465,0.034790754318237305,0.9652092456817627,104.0,
1846,EndoCV2020,energy,35.10795974731445,0.23416543006896973,0.7658345699310303,107.0,
1847,EndoCV2020,energy,38.60655212402344,0.240728497505188,0.759271502494812,30.0,
1848,EndoCV2020,energy,39.36925506591797,0.028544902801513672,0.9714550971984863,90.0,
1849,EndoCV2020,energy,40.04496765136719,0.3358043432235718,0.6641956567764282,0.0,
1850,EndoCV2020,energy,47.867130279541016,0.045196354389190674,0.9548036456108093,89.0,
1851,EndoCV2020,energy,56.149417877197266,0.03381764888763428,0.9661823511123657,77.0,
1852,EndoCV2020,energy,31.96243667602539,0.1261267066001892,0.8738732933998108,87.0,
1853,EndoCV2020,energy,47.68049240112305,0.6134195923805237,0.3865804076194763,34.0,
1854,EndoCV2020,energy,32.97029495239258,0.1144595742225647,0.8855404257774353,8.0,
1855,EndoCV2020,energy,36.26182174682617,0.5132095813751221,0.48679041862487793,52.0,
1856,EndoCV2020,energy,30.285818099975586,0.4558252692222595,0.5441747307777405,12.0,
1857,EndoCV2020,energy,35.09496307373047,0.25377774238586426,0.7462222576141357,70.0,
1858,EndoCV2020,energy,43.5235710144043,0.35427141189575195,0.645728588104248,9.0,
1859,EndoCV2020,energy,40.75263595581055,0.025336921215057373,0.9746630787849426,81.0,
1860,EndoCV2020,energy,40.749752044677734,0.10504031181335449,0.8949596881866455,98.0,
1861,EndoCV2020,energy,31.546344757080078,0.9999999403953552,5.960464477539063e-08,124.0,
1862,EndoCV2020,energy,41.61507797241211,0.15137338638305664,0.8486266136169434,103.0,
1863,EndoCV2020,energy,42.2347297668457,0.27898430824279785,0.7210156917572021,47.0,
1864,EndoCV2020,energy,50.616180419921875,0.9999988079071045,1.1920928955078125e-06,65.0,
1865,EndoCV2020,energy,39.2244758605957,0.3466641902923584,0.6533358097076416,72.0,
1866,EndoCV2020,energy,43.64094924926758,0.8511799573898315,0.14882004261016846,5.0,
1867,EndoCV2020,energy,38.26744079589844,0.7533258199691772,0.24667418003082275,92.0,
1868,EndoCV2020,energy,35.18217468261719,0.7282980680465698,0.2717019319534302,22.0,
1869,EndoCV2020,energy,54.027156829833984,0.25260406732559204,0.747395932674408,119.0,
1870,EndoCV2020,energy,47.01526641845703,0.18673735857009888,0.8132626414299011,53.0,
1871,EndoCV2020,energy,39.634124755859375,0.4694092869758606,0.5305907130241394,43.0,
1872,EndoCV2020,energy,39.89771270751953,0.9999996423721313,3.5762786865234375e-07,14.0,
1873,EndoCV2020,energy,34.025108337402344,0.1140521764755249,0.8859478235244751,60.0,
1874,EndoCV2020,energy,42.78167724609375,0.18966788053512573,0.8103321194648743,62.0,
1875,EndoCV2020,energy,38.97169494628906,0.9266827702522278,0.07331722974777222,51.0,
1876,EndoCV2020,energy,28.592561721801758,0.999999463558197,5.364418029785156e-07,64.0,
1877,EndoCV2020,energy,-3.3080272674560547,0.06852352619171143,0.9314764738082886,18.0,
1878,EndoCV2020,energy,36.4199333190918,0.4440171718597412,0.5559828281402588,50.0,
1879,EndoCV2020,energy,41.92668914794922,0.46539306640625,0.53460693359375,83.0,
1880,EndoCV2020,energy,41.33182907104492,0.14049947261810303,0.859500527381897,121.0,
1881,EndoCV2020,energy,48.99916458129883,0.9999996423721313,3.5762786865234375e-07,15.0,
1882,EndoCV2020,energy,44.73237991333008,0.2315455675125122,0.7684544324874878,54.0,
1883,EndoCV2020,energy,32.842979431152344,0.044657349586486816,0.9553426504135132,38.0,
1884,EndoCV2020,energy,31.073192596435547,0.060298383235931396,0.9397016167640686,96.0,
1885,EndoCV2020,energy,48.8774299621582,0.0757952332496643,0.9242047667503357,10.0,
1886,EndoCV2020,energy,44.79973602294922,0.365528404712677,0.634471595287323,13.0,
1887,EndoCV2020,energy,38.91614532470703,0.061155736446380615,0.9388442635536194,36.0,
1888,EndoCV2020,energy,37.58688735961914,0.15344375371932983,0.8465562462806702,109.0,
1889,EndoCV2020,energy,40.64008712768555,0.2517130970954895,0.7482869029045105,32.0,
1890,EndoCV2020,energy,-2.5504162311553955,0.9999992847442627,7.152557373046875e-07,1.0,
1891,EndoCV2020,energy,30.923471450805664,0.5155771970748901,0.48442280292510986,114.0,
1892,EndoCV2020,energy,35.579959869384766,0.08805465698242188,0.9119453430175781,118.0,
1893,EndoCV2020,energy,-3.0010764598846436,0.32596832513809204,0.674031674861908,44.0,
1894,EndoCV2020,energy,39.585350036621094,0.6204699277877808,0.37953007221221924,3.0,
1895,EndoCV2020,energy,-4.2766947746276855,0.12498295307159424,0.8750170469284058,80.0,
1896,EndoCV2020,energy,36.6243782043457,0.12009507417678833,0.8799049258232117,95.0,
1897,EndoCV2020,energy,43.76763916015625,0.6925376653671265,0.30746233463287354,2.0,
1898,EndoCV2020,energy,1.960627555847168,0.053363144397735596,0.9466368556022644,20.0,
1899,EndoCV2020,energy,46.893348693847656,0.9979797005653381,0.0020202994346618652,40.0,
1900,EndoCV2020,energy,34.704322814941406,0.10732680559158325,0.8926731944084167,111.0,
1901,EndoCV2020,energy,45.711151123046875,0.6741222143173218,0.3258777856826782,6.0,
1902,EndoCV2020,energy,34.034523010253906,0.9227281808853149,0.07727181911468506,68.0,
1903,EndoCV2020,energy,25.577861785888672,0.15767168998718262,0.8423283100128174,126.0,
1904,EndoCV2020,energy,35.92059326171875,0.6881654262542725,0.31183457374572754,45.0,
1905,EndoCV2020,energy,38.99563980102539,0.9985846877098083,0.0014153122901916504,58.0,
1906,EndoCV2020,energy,40.4951286315918,0.03461015224456787,0.9653898477554321,37.0,
1907,EndoCV2020,energy,49.838722229003906,0.3173997402191162,0.6826002597808838,100.0,
1908,EndoCV2020,energy,-3.0472934246063232,0.30173707008361816,0.6982629299163818,94.0,
1909,EndoCV2020,energy,41.87983322143555,0.15603530406951904,0.843964695930481,57.0,
1910,EndoCV2020,energy,29.343643188476562,0.5843977332115173,0.41560226678848267,73.0,
1911,EndoCV2020,energy,37.45030975341797,0.09273135662078857,0.9072686433792114,84.0,
